16.11957550048828
2.7442378997802734
2.2841415405273438
15.832202911376953
17.527400970458984
18.14822769165039
17.81153106689453
21.646896362304688
11.577960968017578
12.101448059082031
51.54242706298828
17.012746810913086
29.287757873535156
12.997076034545898
12.997076034545898
2.326108932495117
2.67120361328125
6.8350677490234375
2.642803192138672
38.730674743652344
20.503753662109375
23.57659912109375
15.79947280883789
15.15456771850586
2.7139205932617188
17.914363861083984
2.79962158203125
15.458187103271484
29.452320098876953
15.749744415283203
12.354650497436523
17.301132202148438
2.4154605865478516
2.2613182067871094
26.017559051513672
16.483989715576172
13.970731735229492
24.7010498046875
20.77943992614746
15.832202911376953
16.219324111938477
2.6985321044921875
12.314229965209961
14.517730712890625
11.603487014770508
2.593717575073242
17.29729652404785
2.626676559448242
61.854129791259766
3.3185272216796875
2.5926437377929688
7.791727066040039
15.832202911376953
15.810369491577148
17.37602996826172
8.906158447265625
16.35682487487793
25.122699737548828
10.453433990478516
15.859626770019531
12.166213989257812
8.572952270507812
25.671222686767578
15.791465759277344
31.579036712646484
12.354650497436523
10.073833465576172
19.029159545898438
5.960247039794922
3.2146034240722656
11.203826904296875
15.821269989013672
18.413820266723633
18.26194190979004
20.181148529052734
2.561168670654297
8.560173034667969
4.624488830566406
11.577960968017578
2.4761314392089844
2.797727584838867
12.47311019897461
12.514078140258789
15.13337516784668
17.347091674804688
6.50202751159668
18.17325210571289
18.11956024169922
24.447097778320312
17.242568969726562
2.6470870971679688
2.4154605865478516
2.6897735595703125
15.15456771850586
51.54242706298828
21.738258361816406
12.354650497436523
28.73326301574707
16.867496490478516
16.49198341369629
12.354650497436523
11.241640090942383
15.832202911376953
18.23088836669922
16.9868221282959
2.6470870971679688
17.786819458007812
36.82297897338867
6.4442138671875
2.6432342529296875
13.328588485717773
14.364120483398438
19.959712982177734
6.8350677490234375
2.676240921020508
15.86948013305664
20.14161491394043
15.86948013305664
2.9600906372070312
9.435859680175781
11.577960968017578
13.032112121582031
18.22430419921875
12.354650497436523
15.832202911376953
13.711593627929688
17.956947326660156
28.867233276367188
18.202049255371094
19.966594696044922
15.86948013305664
13.106664657592773
11.203826904296875
15.822383880615234
2.6803512573242188
3.5776233673095703
26.017559051513672
17.36042022705078
16.728727340698242
20.244319915771484
15.810369491577148
3.823444366455078
13.106664657592773
17.667390823364258
15.791465759277344
2.608095169067383
6.167758941650391
2.797727584838867
18.802505493164062
19.361251831054688
2.976329803466797
17.822002410888672
15.29568862915039
12.354650497436523
12.442924499511719
16.047183990478516
15.324808120727539
15.288080215454102
12.354650497436523
15.58884048461914
12.47311019897461
2.8800506591796875
10.845575332641602
15.79947280883789
12.314229965209961
19.52179718017578
15.791465759277344
24.447097778320312
12.314229965209961
3.823444366455078
2.532695770263672
13.030765533447266
2.5382003784179688
12.166213989257812
3.9807891845703125
16.854211807250977
17.25118637084961
21.054922103881836
46.100826263427734
19.471595764160156
21.928897857666016
22.48214340209961
17.693620681762695
34.05644989013672
19.976333618164062
17.074739456176758
17.693620681762695
22.07415008544922
42.111228942871094
22.262235641479492
20.557762145996094
18.69411849975586
17.8480224609375
16.43179702758789
16.978891372680664
33.31726837158203
23.58028793334961
18.49869155883789
22.27096176147461
22.352581024169922
34.25556564331055
19.491043090820312
17.796369552612305
22.35387420654297
23.909255981445312
20.74191665649414
21.82230567932129
28.789207458496094
17.756683349609375
15.514667510986328
22.262235641479492
23.905948638916016
16.598052978515625
20.67328643798828
16.17437171936035
17.8480224609375
16.438840866088867
16.510591506958008
17.693620681762695
17.552906036376953
23.517154693603516
16.709373474121094
7.4561004638671875
33.31726837158203
39.27626419067383
21.054922103881836
21.057170867919922
23.83074378967285
19.38143539428711
25.198322296142578
33.31726837158203
21.057170867919922
17.549861907958984
17.22846221923828
23.211057662963867
22.953901290893555
19.358722686767578
21.1972713470459
17.552906036376953
23.087955474853516
18.49869155883789
17.693620681762695
17.552906036376953
17.69321060180664
22.072757720947266
21.057903289794922
17.490875244140625
22.27096176147461
37.2809944152832
4.591056823730469
