33.48509979248047
33.40774154663086
32.94498062133789
33.12114334106445
35.47554397583008
34.95137405395508
35.60274124145508
31.681848526000977
30.381683349609375
31.004547119140625
137.392578125
35.24814987182617
33.20577621459961
31.32737922668457
31.32737922668457
32.876121520996094
33.46018981933594
31.392248153686523
33.41630554199219
38.64305877685547
72.11522674560547
32.47067642211914
31.434608459472656
31.504310607910156
33.469512939453125
37.05454635620117
32.314388275146484
45.137184143066406
64.02308654785156
31.969240188598633
31.175243377685547
34.79372024536133
33.06319808959961
32.9291877746582
40.13749694824219
32.398101806640625
30.541460037231445
55.07979202270508
37.6447868347168
33.12114334106445
34.6513671875
33.45358657836914
30.896400451660156
33.0684814453125
30.381467819213867
33.38579559326172
35.343055725097656
33.26356887817383
34.73352813720703
32.06159210205078
33.37939453125
32.517555236816406
33.12114334106445
33.11863327026367
34.956661224365234
33.445594787597656
33.69298553466797
34.678138732910156
32.157772064208984
31.87165641784668
30.989683151245117
101.76702880859375
37.38945007324219
33.18625259399414
37.082489013671875
31.175243377685547
32.239837646484375
38.327880859375
32.153968811035156
33.73154830932617
31.878114700317383
34.39978790283203
35.89215087890625
33.52102279663086
38.74264144897461
32.445247650146484
32.9554443359375
32.22344207763672
30.381683349609375
32.11029052734375
32.30358123779297
31.212453842163086
31.248552322387695
33.22696304321289
35.26823043823242
32.28205490112305
35.77484130859375
35.7789306640625
72.4843521118164
30.720298767089844
33.35939025878906
33.06319808959961
32.57345199584961
31.504310607910156
137.392578125
66.35115814208984
31.175243377685547
32.33991622924805
62.838321685791016
31.99844741821289
31.175243377685547
32.44442367553711
33.12114334106445
35.80007553100586
34.62763214111328
33.35939025878906
35.62236022949219
37.929386138916016
32.475582122802734
33.364097595214844
32.81050109863281
30.160043716430664
31.26319694519043
31.392248153686523
33.33055877685547
33.09807586669922
42.15994644165039
33.09807586669922
33.57943344116211
32.27615737915039
30.381683349609375
31.526094436645508
35.81221389770508
31.175243377685547
33.12114334106445
38.30087661743164
35.61650085449219
33.3629035949707
43.28511047363281
32.03901290893555
33.09807586669922
31.38970375061035
31.878114700317383
32.1168212890625
33.50055694580078
32.20555877685547
40.13749694824219
34.76713180541992
39.413787841796875
33.79023361206055
33.11863327026367
33.52578353881836
31.38970375061035
31.64234733581543
33.18625259399414
33.37910461425781
32.46075439453125
32.30358123779297
30.949098587036133
35.879425048828125
33.589210510253906
35.601043701171875
32.93736267089844
31.175243377685547
31.192859649658203
32.29243087768555
34.00562286376953
32.92597579956055
31.175243377685547
34.367618560791016
31.212453842163086
33.14884948730469
32.09640121459961
31.434608459472656
30.896400451660156
71.2345962524414
33.18625259399414
72.4843521118164
30.896400451660156
33.52578353881836
33.333045959472656
31.686992645263672
33.28890609741211
30.989683151245117
33.63111114501953
35.12626647949219
35.649871826171875
37.31541442871094
76.62403106689453
32.768470764160156
35.64710998535156
39.128089904785156
36.0308723449707
61.129154205322266
32.85822296142578
34.14840316772461
36.0308723449707
63.42705535888672
101.57527160644531
38.27764129638672
64.96092224121094
64.64448547363281
36.200531005859375
33.593727111816406
35.27626419067383
62.028438568115234
79.57257080078125
62.25087356567383
35.96688461303711
36.05799102783203
61.05514907836914
64.32818603515625
36.02073287963867
38.362735748291016
34.70372772216797
34.831424713134766
33.976253509521484
49.52503967285156
63.1499137878418
96.68252563476562
38.27764129638672
38.95778274536133
34.405757904052734
34.89056396484375
33.64011764526367
36.200531005859375
33.50551986694336
34.15916061401367
36.0308723449707
34.2510986328125
44.51985549926758
34.982154846191406
109.44317626953125
62.028438568115234
40.0972785949707
37.31541442871094
37.3886833190918
37.803375244140625
34.36768341064453
36.473533630371094
62.028438568115234
37.3886833190918
35.99127197265625
34.32932662963867
43.30131912231445
35.45174789428711
32.61924362182617
37.351295471191406
34.2510986328125
37.88850784301758
62.25087356567383
36.0308723449707
34.2510986328125
35.2154541015625
43.4478645324707
37.39015579223633
34.106197357177734
35.96688461303711
54.62250900268555
112.18037414550781
