34.73981475830078
36.936275482177734
36.458858489990234
34.32943344116211
36.44954299926758
36.876129150390625
36.544654846191406
32.800045013427734
31.72150230407715
32.245208740234375
149.5880126953125
36.223697662353516
34.05570983886719
32.563385009765625
32.563385009765625
36.3685302734375
37.00873565673828
34.18609619140625
36.95630645751953
39.00001525878906
83.755126953125
33.27909851074219
32.63133239746094
32.67408752441406
37.01570129394531
39.05021667480469
35.65265655517578
49.38133239746094
72.4799575805664
33.077720642089844
32.413211822509766
35.90089797973633
36.57188034057617
36.43653106689453
41.68655776977539
33.58372116088867
31.861412048339844
60.591712951660156
39.792442321777344
34.32943344116211
35.72254943847656
36.99991226196289
32.144405364990234
34.243751525878906
31.722299575805664
36.92585754394531
36.3277473449707
36.78193664550781
35.9441032409668
35.23765182495117
36.917747497558594
35.13253402709961
34.32943344116211
34.39235305786133
35.90335464477539
36.11933898925781
34.7806282043457
35.68460464477539
34.859161376953125
32.970481872558594
32.24357223510742
116.93937683105469
38.42829895019531
34.39760208129883
38.075096130371094
32.413211822509766
34.95418167114258
39.9933967590332
35.17465591430664
37.296241760253906
34.65719985961914
36.35585021972656
36.787254333496094
35.43879699707031
40.38768005371094
35.80214309692383
35.603397369384766
35.32512664794922
31.72150230407715
35.4397087097168
35.62434387207031
32.42036056518555
32.453338623046875
34.385311126708984
36.24003982543945
35.314231872558594
36.69013595581055
36.69276428222656
86.16192626953125
31.79660415649414
36.88121795654297
36.57188034057617
35.91763687133789
32.67408752441406
149.5880126953125
72.57118225097656
32.413211822509766
33.39374923706055
71.19932556152344
33.1067008972168
32.413211822509766
35.06924819946289
34.32943344116211
36.711273193359375
35.64167404174805
36.88121795654297
36.56582260131836
38.469390869140625
35.42180633544922
36.88705062866211
34.70780944824219
31.373708724975586
32.19912338256836
34.18609619140625
36.84779357910156
34.301700592041016
44.823448181152344
34.301700592041016
37.11948776245117
34.93204116821289
31.72150230407715
32.70258331298828
36.724273681640625
32.413211822509766
34.32943344116211
41.33648681640625
36.53657150268555
34.21055603027344
46.938480377197266
32.987274169921875
34.301700592041016
32.616878509521484
34.65719985961914
33.208858489990234
37.059814453125
35.421287536621094
41.68655776977539
35.7177734375
42.169822692871094
34.730323791503906
34.39235305786133
37.00111770629883
32.616878509521484
32.72047424316406
34.39760208129883
36.91659927368164
35.52546310424805
35.62434387207031
31.93543243408203
37.95586013793945
37.13053512573242
36.541526794433594
35.279144287109375
32.413211822509766
32.402374267578125
33.36796951293945
35.136051177978516
34.75248336791992
32.413211822509766
36.33570098876953
32.42036056518555
36.63615798950195
34.84325408935547
32.63133239746094
32.144405364990234
82.74967193603516
34.39760208129883
86.16192626953125
32.144405364990234
37.00111770629883
36.874839782714844
33.56528854370117
36.81906509399414
32.24357223510742
37.112361907958984
36.87326431274414
37.47904968261719
39.1092643737793
83.23045349121094
34.02231216430664
36.83272171020508
41.50776290893555
37.85076141357422
66.94085693359375
34.034183502197266
35.86253356933594
37.85076141357422
70.78170776367188
130.02915954589844
40.047019958496094
72.59088134765625
72.369140625
38.03311538696289
35.19371032714844
37.033912658691406
67.85294342041016
96.2764663696289
69.4232406616211
37.206912994384766
37.30403137207031
66.83428955078125
71.81568145751953
37.80388259887695
40.128841400146484
35.67176055908203
36.138206481933594
35.10641098022461
52.29671096801758
70.56147766113281
116.33785247802734
40.047019958496094
41.019126892089844
36.16901779174805
36.21349334716797
35.29804611206055
38.03311538696289
35.10758972167969
35.92073059082031
37.85076141357422
35.9300651550293
47.3406867980957
36.76789855957031
140.81883239746094
67.85294342041016
40.90554428100586
39.1092643737793
39.197265625
39.37824249267578
35.81309509277344
37.57622528076172
67.85294342041016
39.197265625
37.848716735839844
36.073387145996094
46.003047943115234
36.778072357177734
33.86191177368164
39.162994384765625
35.9300651550293
39.63252639770508
69.4232406616211
37.85076141357422
35.9300651550293
36.88780975341797
46.27427291870117
39.198978424072266
35.78568649291992
37.206912994384766
58.11431884765625
140.18154907226562
