31.897836685180664
29.10503387451172
28.66592025756836
31.622480392456055
33.98460388183594
32.83279800415039
34.14128494262695
30.274375915527344
28.61358070373535
29.353504180908203
124.01860809326172
33.75739669799805
32.3287353515625
29.698461532592773
29.698461532592773
28.600038528442383
29.146427154541016
28.202232360839844
29.115699768066406
38.631690979003906
62.23699951171875
31.464033126831055
29.896499633789062
29.981773376464844
29.182880401611328
34.80925369262695
28.224397659301758
40.44105529785156
56.25128173828125
30.54159927368164
29.523700714111328
33.2103271484375
28.77609634399414
28.647159576416016
38.81049346923828
30.875247955322266
28.83453941345215
49.39654541015625
35.14234161376953
31.622480392456055
33.075382232666016
29.138568878173828
29.24626922607422
31.440940856933594
28.612844467163086
29.08283042907715
33.84159469604492
28.99068260192871
36.12024688720703
28.248863220214844
29.07962417602539
29.212318420410156
31.622480392456055
31.560409545898438
33.55411148071289
30.114974975585938
32.1959342956543
33.219337463378906
28.905536651611328
30.458114624023438
29.317468643188477
86.04698944091797
36.10400390625
31.683460235595703
36.22136306762695
29.523700714111328
29.500534057617188
36.29123306274414
28.662147521972656
29.411582946777344
28.988727569580078
31.897884368896484
34.4741096496582
31.828096389770508
36.74123001098633
28.341266632080078
29.624855041503906
28.502437591552734
28.61358070373535
28.064311981201172
28.2452392578125
29.59910774230957
29.638925552368164
31.64950180053711
33.77889633178711
28.77933120727539
34.337486267089844
34.34349060058594
62.7269401550293
29.285215377807617
29.099716186523438
28.77609634399414
28.493274688720703
29.981773376464844
124.01860809326172
59.47153854370117
29.523700714111328
31.12938690185547
54.35312271118164
30.564464569091797
29.523700714111328
29.2725830078125
31.622480392456055
34.36634826660156
33.16342544555664
29.099716186523438
34.159366607666016
37.65475845336914
29.125720977783203
29.103025436401367
30.333316802978516
28.602073669433594
30.021100997924805
28.202232360839844
29.076602935791016
31.603364944458008
39.12693786621094
31.603364944458008
29.282617568969727
29.05112075805664
28.61358070373535
29.95408058166504
34.3778190612793
29.523700714111328
31.622480392456055
34.52859115600586
34.174991607666016
32.48766326904297
38.927894592285156
30.896522521972656
31.603364944458008
29.770336151123047
28.988727569580078
30.709367752075195
29.18204116821289
28.321998596191406
38.81049346923828
33.368614196777344
35.92379379272461
32.59910202026367
31.560409545898438
29.336366653442383
29.770336151123047
30.233505249023438
31.683460235595703
29.080354690551758
28.95840835571289
28.2452392578125
29.665233612060547
33.886539459228516
29.28984260559082
34.14207458496094
30.15235137939453
29.523700714111328
29.577295303344727
30.903356552124023
32.38514709472656
30.612150192260742
29.523700714111328
31.84211540222168
29.59910774230957
28.92915153503418
29.165788650512695
29.896499633789062
29.24626922607422
60.738311767578125
31.683460235595703
62.7269401550293
29.24626922607422
29.336366653442383
29.014318466186523
29.292356491088867
28.97503662109375
29.317468643188477
29.419574737548828
33.057498931884766
33.512733459472656
35.426265716552734
70.7676010131836
31.244985580444336
34.192466735839844
36.77366638183594
33.91800308227539
56.458133697509766
31.431591033935547
32.185333251953125
33.91800308227539
56.531585693359375
84.45094299316406
36.49280548095703
57.502105712890625
57.15802764892578
34.07942581176758
31.63130760192871
33.19778060913086
57.37691116333008
67.55335998535156
55.104393005371094
34.49376678466797
34.577335357666016
56.41400146484375
56.94908905029297
33.94392395019531
36.58793258666992
33.49680709838867
33.23832702636719
32.50679016113281
47.1293830871582
55.90388870239258
81.95499420166016
36.49280548095703
36.94468307495117
32.32756423950195
33.27790069580078
31.6304931640625
34.07942581176758
31.53634262084961
32.074832916259766
33.91800308227539
32.34360122680664
41.472965240478516
32.877220153808594
88.26931762695312
57.37691116333008
39.49470138549805
35.426265716552734
35.48880386352539
36.122222900390625
32.74224090576172
35.201759338378906
57.37691116333008
35.48880386352539
33.83420944213867
32.3466911315918
40.3630485534668
33.84803009033203
31.086673736572266
35.446319580078125
32.34360122680664
36.03564453125
55.104393005371094
33.91800308227539
32.34360122680664
33.25161361694336
40.339515686035156
35.490089416503906
32.18632888793945
34.49376678466797
51.83557891845703
91.2431640625
