29.255565643310547
23.20345115661621
22.84428596496582
29.163314819335938
31.188274383544922
30.250185012817383
31.373825073242188
28.08318519592285
25.555309295654297
26.38656997680664
105.19924926757812
30.961807250976562
31.44685935974121
26.758575439453125
26.758575439453125
22.709325790405273
23.23033905029297
24.313030242919922
23.219762802124023
39.90507125854492
51.46431350708008
29.814430236816406
27.374244689941406
27.364933013916016
23.31187629699707
31.950063705444336
22.602519989013672
34.76567459106445
50.16126251220703
27.953855514526367
26.507461547851562
30.39438247680664
22.875761032104492
22.737070083618164
37.57514572143555
28.38823699951172
26.030370712280273
43.35260009765625
31.682693481445312
29.163314819335938
30.21173095703125
23.218183517456055
26.326839447021484
28.57705307006836
25.55743408203125
23.1802978515625
31.035287857055664
23.132244110107422
42.08553695678711
23.037464141845703
23.18252182006836
24.666109085083008
29.163314819335938
29.02544593811035
30.956371307373047
25.558727264404297
29.56977653503418
30.97382926940918
24.870361328125
27.96132469177246
26.293184280395508
64.16195678710938
34.15568542480469
29.21630859375
35.2156982421875
26.507461547851562
26.061420440673828
33.154075622558594
24.00905418395996
23.513805389404297
26.455516815185547
28.610488891601562
31.756925582885742
29.992919921875
33.226844787597656
22.6875
25.067913055419922
23.46392059326172
25.555309295654297
22.524402618408203
22.671663284301758
26.663070678710938
26.703399658203125
28.91938018798828
30.992229461669922
24.225374221801758
31.597537994384766
31.60367202758789
50.90547180175781
26.706584930419922
23.266761779785156
22.875761032104492
22.849138259887695
27.364933013916016
105.19924926757812
49.98300552368164
26.507461547851562
29.446346282958984
44.62098693847656
28.098724365234375
26.507461547851562
25.32958221435547
29.163314819335938
31.630901336669922
30.508277893066406
23.266761779785156
31.388948440551758
38.460662841796875
24.70917510986328
23.267627716064453
26.990995407104492
26.055789947509766
27.810405731201172
24.313030242919922
23.2547664642334
29.156383514404297
34.831398010253906
29.156383514404297
23.409469604492188
24.86545181274414
25.555309295654297
27.049652099609375
31.640117645263672
26.507461547851562
29.163314819335938
29.259090423583984
31.43630599975586
31.59391212463379
33.52101135253906
29.052705764770508
29.156383514404297
26.841703414916992
26.455516815185547
28.17285919189453
23.260528564453125
23.00676727294922
37.57514572143555
30.797136306762695
30.892990112304688
30.605857849121094
29.02544593811035
23.597869873046875
26.841703414916992
27.836809158325195
29.21630859375
23.18448257446289
24.32032585144043
22.671663284301758
27.422819137573242
31.609695434570312
23.412914276123047
31.37734603881836
26.875469207763672
26.507461547851562
26.63974380493164
28.371652603149414
29.499109268188477
27.49349021911621
26.507461547851562
28.542133331298828
26.663070678710938
23.16993522644043
26.389781951904297
27.374244689941406
26.326839447021484
48.81658172607422
29.21630859375
50.90547180175781
26.326839447021484
23.597869873046875
23.073314666748047
25.99673080444336
23.044410705566406
26.293184280395508
23.653121948242188
29.916292190551758
30.329679489135742
32.83472442626953
64.27607727050781
28.91822624206543
31.91827964782715
33.780181884765625
30.77166175842285
50.92227554321289
29.227279663085938
29.273765563964844
30.77166175842285
48.10955810546875
68.76528930664062
34.02906799316406
48.14589309692383
47.37647247314453
30.932710647583008
28.633161544799805
30.05188751220703
51.644630432128906
53.017173767089844
45.9622802734375
32.24108123779297
32.323875427246094
50.919395446777344
47.64127731323242
30.829936981201172
34.11655807495117
31.49471664428711
30.769567489624023
30.201860427856445
43.85721206665039
46.452205657958984
61.67432403564453
34.02906799316406
34.15129852294922
29.222389221191406
30.808013916015625
28.58002471923828
30.932710647583008
28.534120559692383
28.974620819091797
30.77166175842285
29.515308380126953
37.37607955932617
29.70779037475586
64.47691345214844
51.644630432128906
38.73798370361328
32.83472442626953
32.89363479614258
34.057186126708984
30.30516815185547
33.52373123168945
51.644630432128906
32.89363479614258
30.644210815429688
29.41466522216797
36.46537780761719
31.55571746826172
28.73563003540039
32.876590728759766
29.515308380126953
33.74890899658203
45.9622802734375
30.77166175842285
29.515308380126953
30.285364151000977
36.14216232299805
32.894737243652344
29.358013153076172
32.24108123779297
49.12137222290039
65.20399475097656
