23.25495147705078
13.108741760253906
12.666276931762695
23.201711654663086
24.691028594970703
26.076194763183594
24.930465698242188
24.687034606933594
19.218109130859375
20.02689552307129
76.19764709472656
24.415485382080078
30.470703125
20.654014587402344
20.654014587402344
12.632680892944336
13.02920913696289
16.31356430053711
13.02198600769043
40.96841049194336
35.97329330444336
26.80014419555664
22.19525146484375
22.029878616333008
13.040029525756836
26.927722930908203
12.949962615966797
25.036514282226562
41.72745132446289
22.610668182373047
20.254539489746094
24.05537223815918
12.751598358154297
12.539787292480469
33.714195251464844
23.00313949584961
20.504619598388672
34.623165130615234
26.40050506591797
23.201711654663086
23.59327507019043
13.033401489257812
20.03125
22.12731170654297
19.231937408447266
12.973352432250977
24.513988494873047
12.96864128112793
53.681095123291016
13.500247955322266
12.975648880004883
16.71294593811035
23.201711654663086
23.025970458984375
24.8055419921875
17.591094970703125
23.488542556762695
27.28197479248047
18.610328674316406
22.69084930419922
20.037412643432617
32.969783782958984
30.40522575378418
23.220951080322266
33.15463638305664
20.254539489746094
19.244731903076172
26.258712768554688
15.661737442016602
13.42269515991211
20.26446533203125
22.623802185058594
25.411502838134766
25.496484756469727
26.059158325195312
12.859107971191406
17.1536808013916
14.434526443481445
19.218109130859375
12.70328140258789
12.990894317626953
20.38614273071289
20.429737091064453
22.640701293945312
24.533872604370117
15.980487823486328
25.212987899780273
25.202308654785156
35.78618240356445
21.721561431884766
13.040803909301758
12.751598358154297
13.036394119262695
22.029878616333008
76.19764709472656
34.60968017578125
20.254539489746094
28.229204177856445
30.96282958984375
23.044775009155273
20.254539489746094
19.166885375976562
23.201711654663086
25.256528854370117
24.307010650634766
13.040803909301758
24.92963409423828
38.99462127685547
16.204303741455078
13.039060592651367
20.743026733398438
20.684961318969727
23.768280029296875
16.31356430053711
13.040277481079102
23.23090362548828
27.286746978759766
23.23090362548828
13.314085006713867
18.036090850830078
19.218109130859375
20.875205993652344
25.25794219970703
20.254539489746094
23.201711654663086
20.737621307373047
25.050291061401367
30.41079330444336
26.49335479736328
25.007827758789062
23.23090362548828
20.761398315429688
20.26446533203125
22.852725982666016
13.00815200805664
13.669954299926758
33.714195251464844
24.71929931640625
23.08734130859375
25.791942596435547
23.025970458984375
13.647014617919922
20.761398315429688
23.221878051757812
23.220951080322266
12.982221603393555
15.905082702636719
12.990894317626953
23.187461853027344
26.846513748168945
13.322769165039062
24.944576263427734
22.556333541870117
20.254539489746094
20.358154296875
23.089786529541016
22.856313705444336
21.750957489013672
20.254539489746094
22.537612915039062
20.38614273071289
13.040447235107422
19.90561866760254
22.19525146484375
20.03125
32.91913604736328
23.220951080322266
35.78618240356445
20.03125
13.647014617919922
12.858131408691406
19.72864532470703
12.899171829223633
20.037412643432617
13.800512313842773
24.05328369140625
24.44284439086914
27.741416931152344
54.4813232421875
24.511600494384766
27.555023193359375
28.614490509033203
24.905672073364258
42.75136184692383
24.906681060791016
23.83574676513672
24.905672073364258
35.5200080871582
51.0262336730957
28.975669860839844
34.16121292114258
33.06614685058594
25.06477165222168
23.117488861083984
24.184120178222656
42.63081359863281
34.88560485839844
32.4984130859375
27.92306137084961
28.003822326660156
42.8553581237793
33.39519500732422
24.997554779052734
29.040027618408203
27.717370986938477
26.261760711669922
26.145296096801758
36.72593688964844
32.3115234375
34.560585021972656
28.975669860839844
29.364139556884766
23.55133819580078
26.281185150146484
22.984256744384766
25.06477165222168
23.041358947753906
23.359249114990234
24.905672073364258
24.174179077148438
30.908811569213867
23.853618621826172
30.211593627929688
42.63081359863281
37.88780975341797
27.741416931152344
27.79352378845215
29.853649139404297
25.510530471801758
30.022594451904297
42.63081359863281
27.79352378845215
24.749935150146484
23.967384338378906
30.324844360351562
27.60897445678711
24.32564926147461
27.86294937133789
24.174179077148438
29.28905487060547
32.4984130859375
24.905672073364258
24.174179077148438
24.655773162841797
29.565753936767578
27.794401168823242
24.070655822753906
27.92306137084961
43.827552795410156
29.29210662841797
