27.666780471801758
20.29729461669922
19.930011749267578
27.622121810913086
29.450634002685547
28.97197723388672
29.650171279907227
26.993797302246094
23.82657814025879
24.676952362060547
96.17935180664062
29.218303680419922
31.115036010742188
25.092756271362305
25.092756271362305
19.804290771484375
20.298690795898438
22.115066528320312
20.29039192199707
40.420249938964844
46.64699935913086
28.950706481933594
25.95055389404297
25.891082763671875
20.368228912353516
30.535341262817383
19.827058792114258
31.736106872558594
47.899696350097656
26.502166748046875
24.788366317749023
28.685283660888672
19.958473205566406
19.808666229248047
36.71562576293945
26.933469772338867
24.484416961669922
40.854637145996094
30.176563262939453
27.622121810913086
28.448501586914062
20.289867401123047
24.641979217529297
26.862869262695312
23.831035614013672
20.247798919677734
29.293724060058594
20.210723876953125
45.50914764404297
20.339815139770508
20.250499725341797
22.489044189453125
27.622121810913086
27.461339950561523
29.333951950073242
23.35009002685547
27.952524185180664
29.876405715942383
22.970439910888672
26.54214859008789
24.576271057128906
54.1649055480957
33.202640533447266
27.668434143066406
34.5621337890625
24.788366317749023
24.228361129760742
31.379478454589844
21.669052124023438
20.610294342041016
24.948524475097656
27.01226806640625
30.054668426513672
29.013282775878906
31.109012603759766
19.87696075439453
22.87313461303711
20.895883560180664
23.82657814025879
19.720659255981445
19.897613525390625
24.970918655395508
25.011005401611328
27.25720977783203
29.26548957824707
21.932018280029297
29.88597869873047
29.889820098876953
45.47428512573242
25.27161979675293
20.337661743164062
19.958473205566406
20.048389434814453
25.891082763671875
96.17935180664062
45.341033935546875
24.788366317749023
28.79416847229004
40.54252624511719
26.698389053344727
24.788366317749023
23.46875
27.622121810913086
29.921199798583984
28.8646240234375
20.337661743164062
29.662302017211914
38.76220703125
22.37746810913086
20.337677001953125
25.355098724365234
24.599674224853516
26.603130340576172
22.115066528320312
20.33013153076172
27.623687744140625
32.69361877441406
27.623687744140625
20.508678436279297
22.8383846282959
23.82657814025879
25.377099990844727
29.92916488647461
24.788366317749023
27.622121810913086
26.588603973388672
29.72409439086914
31.221275329589844
31.577430725097656
27.979381561279297
27.623687744140625
25.181970596313477
24.948524475097656
26.733539581298828
20.31512451171875
20.34947967529297
36.71562576293945
29.193695068359375
28.446514129638672
29.350048065185547
27.461339950561523
20.722454071044922
25.181970596313477
26.5341854095459
27.668434143066406
20.25326919555664
21.981294631958008
19.897613525390625
26.200523376464844
30.332820892333984
20.513057708740234
29.65585708618164
25.438446044921875
24.788366317749023
24.946741104125977
26.93777084350586
27.73212242126465
25.98017120361328
24.788366317749023
26.954788208007812
24.970918655395508
20.271194458007812
24.81148910522461
25.95055389404297
24.641979217529297
43.736934661865234
27.668434143066406
45.47428512573242
24.641979217529297
20.722454071044922
20.13470458984375
24.287612915039062
20.12445831298828
24.576271057128906
20.799015045166016
28.298927307128906
28.703428268432617
31.480640411376953
61.247188568115234
27.692031860351562
30.72016716003418
32.35672378540039
29.162372589111328
48.484458923339844
28.035259246826172
27.79800033569336
29.162372589111328
44.515899658203125
62.56227493286133
32.696067810058594
43.990142822265625
43.083553314208984
29.322368621826172
27.112777709960938
28.433879852294922
49.00001907348633
46.9786376953125
42.03391647338867
31.06093978881836
31.147268295288086
48.50611114501953
43.454261779785156
29.232330322265625
32.770896911621094
30.394920349121094
29.51138687133789
29.030916213989258
41.92217254638672
42.315826416015625
52.17755889892578
32.696067810058594
32.81296157836914
27.663799285888672
29.5513858795166
27.037715911865234
29.322368621826172
27.016273498535156
27.426334381103516
29.162372589111328
28.067501068115234
35.524505615234375
28.090999603271484
52.42706298828125
49.00001907348633
38.42332458496094
31.480640411376953
31.53911590576172
32.987796783447266
29.0263671875
32.61583709716797
49.00001907348633
31.53911590576172
29.02115249633789
27.93392562866211
34.71369552612305
30.426488876342773
27.50620460510254
31.546974182128906
28.067501068115234
32.58884811401367
42.03391647338867
29.162372589111328
28.067501068115234
28.754310607910156
34.245391845703125
31.540130615234375
27.924036026000977
31.06093978881836
47.75714111328125
52.60028076171875
