26.811595916748047
18.837974548339844
18.453380584716797
26.784221649169922
28.516521453857422
28.36459732055664
28.723182678222656
26.477977752685547
22.931575775146484
23.790630340576172
91.85626220703125
28.278594970703125
30.9608154296875
24.241779327392578
24.241779327392578
18.345874786376953
18.82107925415039
20.950485229492188
18.812698364257812
40.61610794067383
44.3618278503418
28.494022369384766
25.21114730834961
25.13393783569336
18.876136779785156
29.835233688354492
18.434738159179688
30.293533325195312
46.919376373291016
25.761009216308594
23.911514282226562
27.769725799560547
18.491798400878906
18.33230972290039
36.207977294921875
26.16608428955078
23.691360473632812
39.54802322387695
29.442827224731445
26.784221649169922
27.49937629699707
18.81513023376465
23.76378631591797
25.9437255859375
22.937137603759766
18.768686294555664
28.35723114013672
18.73630714416504
47.25877380371094
18.96117401123047
18.77121353149414
21.373077392578125
26.784221649169922
26.615070343017578
28.455955505371094
22.220232009887695
27.07759666442871
29.322372436523438
22.048986434936523
25.81378173828125
23.698596954345703
49.435482025146484
32.712806701660156
26.825916290283203
34.22996520996094
23.911514282226562
23.266494750976562
30.426651000976562
20.47650146484375
19.14985466003418
24.076509475708008
26.178022384643555
29.139019012451172
28.449981689453125
30.068199157714844
18.462129592895508
21.75824737548828
19.592424392700195
22.931575775146484
18.297897338867188
18.50128746032715
24.09739112854004
24.137920379638672
26.361207962036133
28.3355655670166
20.759143829345703
28.96564483642578
28.967639923095703
43.05278015136719
24.543071746826172
18.85300064086914
18.491798400878906
18.639829635620117
25.13393783569336
91.85626220703125
42.98979949951172
23.911514282226562
28.553953170776367
38.62653732299805
25.98042106628418
23.911514282226562
22.564735412597656
26.784221649169922
29.00202178955078
27.97649574279785
18.85300064086914
28.733802795410156
38.868560791015625
21.166828155517578
18.852638244628906
24.494857788085938
23.837440490722656
26.007183074951172
20.950485229492188
18.846906661987305
26.7904052734375
31.607519149780273
26.7904052734375
19.04838752746582
21.844879150390625
22.931575775146484
24.518409729003906
29.00904083251953
23.911514282226562
26.784221649169922
25.30577850341797
28.804983139038086
31.044445037841797
30.590213775634766
27.41794204711914
26.7904052734375
24.334983825683594
24.076509475708008
25.99846649169922
18.828350067138672
19.006759643554688
36.207977294921875
28.326215744018555
27.261669158935547
28.65911865234375
26.615070343017578
19.272418975830078
24.334983825683594
25.86437225341797
26.825916290283203
18.77462387084961
20.784809112548828
18.50128746032715
25.586902618408203
29.659650802612305
19.053796768188477
28.73001480102539
24.788131713867188
23.911514282226562
24.072433471679688
26.208293914794922
26.78050994873047
25.184078216552734
23.911514282226562
26.122669219970703
24.09739112854004
18.7994384765625
23.906532287597656
25.21114730834961
23.76378631591797
41.32568359375
26.825916290283203
43.05278015136719
23.76378631591797
19.272418975830078
18.65548324584961
23.398448944091797
18.65757942199707
23.698596954345703
19.36876678466797
27.48422622680664
27.88528060913086
30.772052764892578
59.715206146240234
27.069324493408203
30.109085083007812
31.64124298095703
28.34832000732422
47.320255279541016
27.423179626464844
27.04400062561035
28.34832000732422
42.74356460571289
59.74128723144531
31.988985061645508
41.94316482543945
41.00670623779297
28.509775161743164
26.347362518310547
27.61812973022461
47.718379974365234
44.22959899902344
40.12080383300781
30.462081909179688
30.546995162963867
47.35529327392578
41.38459777832031
28.42570686340332
32.0589599609375
29.84294319152832
28.880123138427734
28.44418716430664
40.887088775634766
40.30364227294922
47.90668487548828
31.988985061645508
32.15250015258789
26.87638282775879
28.917940139770508
26.2598819732666
28.509775161743164
26.25128746032715
26.645427703857422
28.34832000732422
27.325437545776367
34.63003158569336
27.276416778564453
47.03126907348633
47.718379974365234
38.276973724365234
30.772052764892578
30.8308048248291
32.4130744934082
28.36454963684082
32.13686752319336
47.718379974365234
30.8308048248291
28.20120620727539
27.178518295288086
33.86008071899414
29.866973876953125
26.881317138671875
30.85069465637207
27.325437545776367
31.974624633789062
40.12080383300781
28.34832000732422
27.325437545776367
27.97206687927246
33.32878875732422
30.8317813873291
27.191144943237305
30.462081909179688
47.02238082885742
47.26011276245117
