28.48198699951172
21.749717712402344
21.393495559692383
28.4173583984375
30.342880249023438
29.600440979003906
30.53451919555664
27.531091690063477
24.702489852905273
25.543357849121094
100.67068481445312
30.113290786743164
31.27187728881836
25.932722091674805
25.932722091674805
21.25652313232422
21.76610565185547
23.247745513916016
21.757038116455078
40.1882209777832
48.99100875854492
29.385499954223633
26.674327850341797
26.63849639892578
21.84496307373047
31.239883422851562
21.213634490966797
33.25586700439453
49.101036071777344
27.232059478759766
25.65688705444336
29.56232261657715
21.41728401184082
21.275257110595703
37.1785774230957
27.675830841064453
25.266895294189453
42.13832092285156
30.913375854492188
28.4173583984375
29.354127883911133
21.754947662353516
25.49733543395996
27.741195678710938
24.70587730407715
21.716020584106445
30.188047409057617
21.67395782470703
43.82863235473633
21.698932647705078
21.7186222076416
23.575693130493164
28.4173583984375
28.2670955657959
30.167444229125977
24.451562881469727
28.784893035888672
30.422046661376953
23.916156768798828
27.25841522216797
25.443828582763672
59.07825469970703
33.67070770263672
28.46738624572754
34.90217208862305
25.65688705444336
25.168827056884766
32.28715515136719
22.84541130065918
22.061885833740234
25.757728576660156
27.81269073486328
30.927730560302734
29.524255752563477
32.165016174316406
21.28326416015625
23.967662811279297
22.184768676757812
24.702489852905273
21.129117965698242
21.2855224609375
25.827407836914062
25.867408752441406
28.1119384765625
30.151901245117188
23.086496353149414
30.763866424560547
30.769102096557617
48.13623046875
25.9931697845459
21.806720733642578
21.41728401184082
21.44918441772461
26.63849639892578
100.67068481445312
47.65243148803711
25.65688705444336
29.092172622680664
42.514198303222656
27.40840721130371
25.65688705444336
24.394962310791016
28.4173583984375
30.79813003540039
29.709636688232422
21.806720733642578
30.54854965209961
38.63429260253906
23.558347702026367
21.80710792541504
26.179466247558594
25.341575622558594
27.206371307373047
23.247745513916016
21.797569274902344
28.414485931396484
33.75052261352539
28.414485931396484
21.959592819213867
23.848098754882812
24.702489852905273
26.2222843170166
30.80677604675293
25.65688705444336
28.4173583984375
27.911388397216797
30.602523803710938
31.401134490966797
32.51178741455078
28.525169372558594
28.414485931396484
26.018587112426758
25.757728576660156
27.458999633789062
21.790489196777344
21.680118560791016
37.1785774230957
30.017505645751953
29.653762817382812
30.000595092773438
28.2670955657959
22.16189956665039
26.018587112426758
27.192081451416016
28.46738624572754
21.72091293334961
23.160051345825195
21.2855224609375
26.81302833557129
30.988719940185547
21.963245391845703
30.53843879699707
26.139446258544922
25.65688705444336
25.803756713867188
27.65904998779297
28.640361785888672
26.7410888671875
25.65688705444336
27.748462677001953
25.827407836914062
21.72760772705078
25.650367736816406
26.674327850341797
25.49733543395996
46.17072296142578
28.46738624572754
48.13623046875
25.49733543395996
22.16189956665039
21.60518455505371
25.150909423828125
21.58426284790039
25.443828582763672
22.224609375
29.107202529907227
29.514968872070312
32.17192459106445
62.79446792602539
28.310150146484375
31.32341194152832
33.06669616699219
29.965784072875977
49.67927551269531
28.63969612121582
28.537900924682617
29.965784072875977
46.28437423706055
65.52303314208984
33.38167953491211
46.050777435302734
45.19165802001953
30.12632179260254
27.87122344970703
29.242197036743164
50.30363845825195
49.84934997558594
43.96095275878906
31.652198791503906
31.73649787902832
49.688682556152344
45.534461975097656
30.030235290527344
33.46413040161133
30.947420120239258
30.13869285583496
29.61619758605957
42.9228630065918
44.345706939697266
56.762672424316406
33.38167953491211
33.474571228027344
28.441574096679688
30.179306030273438
27.807477951049805
30.12632179260254
27.773571014404297
28.198482513427734
29.965784072875977
28.794692993164062
36.42969512939453
28.89816665649414
58.33135986328125
50.30363845825195
38.57447814941406
32.17192459106445
32.231170654296875
33.53813552856445
29.670848846435547
33.0827522277832
50.30363845825195
32.231170654296875
29.830873489379883
28.676021575927734
35.57109832763672
30.98784065246582
28.125503540039062
32.226356506347656
28.794692993164062
33.1826286315918
43.96095275878906
29.965784072875977
28.794692993164062
29.521329879760742
35.17242431640625
32.23223876953125
28.643203735351562
31.652198791503906
48.46514892578125
58.91458511352539
