24.16244888305664
14.509002685546875
14.077920913696289
24.12270736694336
25.646278381347656
26.677995681762695
25.8765869140625
25.088119506835938
20.15955352783203
20.99307632446289
79.5744400024414
25.382972717285156
30.59100914001465
21.569602966308594
21.569602966308594
14.030000686645508
14.440034866333008
17.461416244506836
14.433065414428711
40.78486633300781
37.85102081298828
27.18097496032715
22.953432083129883
22.809659957885742
14.456493377685547
27.7257080078125
14.297813415527344
26.229633331298828
42.968170166015625
23.419605255126953
21.180036544799805
24.981416702270508
14.154138565063477
13.951055526733398
34.418968200683594
23.796823501586914
21.300315856933594
35.86701965332031
27.157878875732422
24.12270736694336
24.57166290283203
14.44183349609375
20.986833572387695
23.094602584838867
20.170806884765625
14.385591506958008
25.474214553833008
14.37535285949707
52.066856384277344
14.837053298950195
14.387872695922852
17.89207649230957
24.12270736694336
23.947872161865234
25.7279052734375
18.742895126342773
24.389280319213867
27.74581527709961
19.470375061035156
23.49657440185547
20.965578079223633
36.53630065917969
31.075559616088867
24.148754119873047
33.33734130859375
21.180036544799805
20.268590927124023
27.332839965820312
16.86077880859375
14.815025329589844
21.2632999420166
23.518522262573242
26.338783264160156
26.31614112854004
26.998435974121094
14.236385345458984
18.307708740234375
15.695978164672852
20.15955352783203
14.069070816040039
14.34423828125
21.337902069091797
21.38036346435547
23.586929321289062
25.484365463256836
17.167720794677734
26.14728355407715
26.140222549438477
37.39886474609375
22.402362823486328
14.454288482666016
14.154138565063477
14.415843963623047
22.809659957885742
79.5744400024414
36.47886657714844
21.180036544799805
28.20509910583496
32.917659759521484
23.77606201171875
21.180036544799805
20.021100997924805
24.12270736694336
26.188716888427734
25.231748580932617
14.454288482666016
25.878873825073242
38.86497497558594
17.433809280395508
14.452838897705078
21.70916748046875
21.467031478881836
24.302268981933594
17.461416244506836
14.45225715637207
24.145263671875
28.336965560913086
24.145263671875
14.712011337280273
18.98407745361328
20.15955352783203
21.807437896728516
26.191570281982422
21.180036544799805
24.12270736694336
21.816987991333008
25.987159729003906
30.577383041381836
27.51712989807129
25.6165771484375
24.145263671875
21.67308235168457
21.2632999420166
23.664491653442383
14.423725128173828
14.984848022460938
34.418968200683594
25.630420684814453
24.005489349365234
26.51876449584961
23.947872161865234
15.006719589233398
21.67308235168457
23.868179321289062
24.148754119873047
14.393627166748047
17.122892379760742
14.34423828125
23.772502899169922
27.612756729125977
14.719968795776367
25.889245986938477
23.128198623657227
21.180036544799805
21.310701370239258
23.893714904785156
23.843841552734375
22.62639045715332
21.180036544799805
23.44750213623047
21.337902069091797
14.439935684204102
20.955772399902344
22.953432083129883
20.986833572387695
34.87505340576172
24.148754119873047
37.39886474609375
20.986833572387695
15.006719589233398
14.271617889404297
20.64682388305664
14.306026458740234
20.965578079223633
15.150796890258789
24.929542541503906
25.322059631347656
28.512859344482422
55.817626953125
25.150529861450195
28.199337005615234
29.41348648071289
25.782974243164062
43.90696716308594
25.524478912353516
24.655712127685547
25.782974243164062
37.340023040771484
52.80442810058594
29.74258041381836
35.987457275390625
34.98068618774414
25.942813873291016
23.94642448425293
25.06092643737793
43.91905212402344
36.86088180541992
34.431976318359375
28.564802169799805
28.647275924682617
43.99348449707031
35.29867935180664
25.870752334594727
29.805397033691406
28.20812225341797
26.932247161865234
26.711654663085938
37.694854736328125
34.31365203857422
37.12269592285156
29.74258041381836
30.122173309326172
24.405029296875
26.957229614257812
23.82383918762207
25.942813873291016
23.86240005493164
24.203083038330078
25.782974243164062
24.974178314208984
31.849998474121094
24.727691650390625
33.18640899658203
43.91905212402344
37.899532318115234
28.512859344482422
28.570053100585938
30.540328979492188
26.2337646484375
30.581830978393555
43.91905212402344
28.570053100585938
25.630456924438477
24.787635803222656
31.237567901611328
28.183292388916016
24.96282196044922
28.631467819213867
24.974178314208984
30.00433349609375
34.431976318359375
25.782974243164062
24.974178314208984
25.50157928466797
30.529693603515625
28.570966720581055
24.868444442749023
28.564802169799805
44.76897430419922
31.5772705078125
