29.97983741760254
24.660400390625
24.284931182861328
29.850101470947266
31.971677780151367
30.90216064453125
32.152400970458984
28.646989822387695
26.384096145629883
27.20260238647461
109.84241485595703
31.747787475585938
31.633298873901367
27.56304931640625
27.56304931640625
24.165189743041992
24.693782806396484
25.30341148376465
24.679407119750977
39.534202575683594
54.050865173339844
30.244049072265625
28.050168991088867
28.07010841369629
24.769250869750977
32.661659240722656
23.997089385986328
36.214717864990234
51.28224182128906
28.66139030456543
27.334123611450195
31.173723220825195
24.334930419921875
24.202552795410156
37.91373825073242
29.064022064208984
26.77669906616211
44.52507019042969
32.49898147583008
29.850101470947266
31.008630752563477
24.681930541992188
27.12833023071289
29.363454818725586
26.385087966918945
24.641727447509766
31.821266174316406
24.583850860595703
40.371864318847656
24.35595703125
24.642974853515625
25.772550582885742
29.850101470947266
29.72966766357422
31.685937881469727
26.673240661621094
30.29793930053711
31.53421974182129
25.828433990478516
28.64479637145996
27.119686126708984
69.38650512695312
34.658172607421875
29.905517578125
35.49189758300781
27.334123611450195
26.939096450805664
33.99277877807617
25.17240333557129
24.968902587890625
27.0435733795166
29.404888153076172
32.523597717285156
30.45587158203125
34.24162292480469
24.094043731689453
26.182641983032227
24.734066009521484
26.384096145629883
23.909818649291992
24.05882453918457
27.47270965576172
27.513242721557617
29.67160987854004
31.773780822753906
25.35852813720703
32.36948776245117
32.37587356567383
53.70602798461914
27.407880783081055
24.714984893798828
24.334930419921875
24.255699157714844
28.07010841369629
109.84241485595703
52.268043518066406
27.334123611450195
29.846202850341797
46.85945129394531
28.76576042175293
27.334123611450195
26.268905639648438
29.850101470947266
32.40180206298828
31.248550415039062
24.714984893798828
32.1682014465332
38.2111701965332
25.836143493652344
24.716419219970703
27.805910110473633
26.742908477783203
28.408069610595703
25.30341148376465
24.700382232666016
29.839183807373047
35.9344482421875
29.839183807373047
24.859527587890625
25.887413024902344
26.384096145629883
27.85240936279297
32.411705017089844
27.334123611450195
29.850101470947266
30.612314224243164
32.2072639465332
31.790210723876953
34.69709014892578
29.55672264099121
29.839183807373047
27.643667221069336
27.0435733795166
28.870668411254883
24.72713279724121
24.3345947265625
37.91373825073242
31.517669677734375
32.16191101074219
31.157808303833008
29.72966766357422
25.02774429321289
27.643667221069336
28.470916748046875
29.905517578125
24.644630432128906
25.479843139648438
24.05882453918457
28.025583267211914
32.205047607421875
24.86333465576172
32.155216217041016
27.633209228515625
27.334123611450195
27.449718475341797
29.068849563598633
30.29813003540039
28.24864387512207
27.334123611450195
29.33626937866211
27.47270965576172
24.600078582763672
27.035720825195312
28.050168991088867
27.12833023071289
51.62147521972656
29.905517578125
53.70602798461914
27.12833023071289
25.02774429321289
24.543243408203125
26.82649803161621
24.50924301147461
27.119686126708984
25.083770751953125
30.72827911376953
31.14850616455078
33.48013687133789
65.74484252929688
29.519550323486328
32.51002502441406
34.51016616821289
31.583152770996094
52.224395751953125
29.801368713378906
30.01230812072754
31.583152770996094
50.02937698364258
72.2823715209961
34.64957046508789
50.34868240356445
49.69187545776367
31.745187759399414
29.40079116821289
30.864538192749023
53.02768325805664
56.44038009643555
48.08879089355469
32.82588577270508
32.90883255004883
52.21101760864258
49.844146728515625
31.635433197021484
34.74151611328125
32.024330139160156
31.40509605407715
30.79305648803711
44.712257385253906
48.68064498901367
66.99847412109375
34.64957046508789
34.846458435058594
30.0120849609375
31.442672729492188
29.359643936157227
31.745187759399414
29.302181243896484
29.76020050048828
31.583152770996094
30.233768463134766
38.37668991088867
30.522613525390625
70.45748138427734
53.02768325805664
38.916812896728516
33.48013687133789
33.538734436035156
34.55903244018555
30.93195343017578
33.946044921875
53.02768325805664
33.538734436035156
31.464738845825195
30.156574249267578
37.404029846191406
32.132381439208984
29.340831756591797
33.5115966796875
30.233768463134766
34.302650451660156
48.08879089355469
31.583152770996094
30.233768463134766
31.048694610595703
37.163414001464844
33.539886474609375
30.074283599853516
32.82588577270508
49.74010467529297
71.7282943725586
