35.3807373046875
38.909156799316406
38.40262222290039
34.94641876220703
36.81547164916992
37.884727478027344
36.885623931884766
33.358116149902344
32.39183044433594
32.8681526184082
157.56021118164062
36.589820861816406
34.51173400878906
33.216819763183594
33.216819763183594
38.291805267333984
39.0070915222168
35.687164306640625
38.951507568359375
39.126792907714844
95.55168151855469
33.66524124145508
33.23781967163086
33.27843475341797
39.03362274169922
40.10849380493164
37.43724060058594
52.0457649230957
79.74758911132812
33.67825698852539
33.06053924560547
36.384986877441406
38.519622802734375
38.37110137939453
42.650203704833984
34.154415130615234
32.52173614501953
64.1222915649414
41.14945602416992
34.94641876220703
36.15946578979492
38.99315643310547
32.76031494140625
34.77397918701172
32.39329147338867
38.919063568115234
36.70119857788086
38.76155471801758
37.094032287597656
36.94291687011719
38.91093444824219
36.509544372558594
34.94641876220703
35.058692932128906
36.2780876159668
37.577754974365234
35.27314758300781
36.06718063354492
36.24481964111328
33.54423522949219
32.893192291259766
130.16712951660156
38.98957443237305
35.01547622680664
38.753692626953125
33.06053924560547
36.48839569091797
40.907474517822266
36.81978225708008
39.31270980834961
36.19551086425781
37.361595153808594
37.093841552734375
36.55729675292969
41.41035079956055
37.60491943359375
37.01469039916992
36.979087829589844
32.39183044433594
37.23151397705078
37.39897918701172
33.03255081176758
33.06526565551758
34.91102981567383
36.5985221862793
36.96650314331055
37.01112365722656
37.01411819458008
101.8208236694336
32.34589385986328
38.881134033203125
38.519622802734375
37.71274948120117
33.27843475341797
157.56021118164062
77.37041473388672
33.06053924560547
33.973533630371094
78.04376983642578
33.685245513916016
33.06053924560547
36.406375885009766
34.94641876220703
37.02927780151367
36.06415557861328
38.881134033203125
36.9098014831543
38.69659423828125
37.0364990234375
38.8875732421875
35.641883850097656
31.95796012878418
32.66355514526367
35.687164306640625
38.84463882446289
34.91302490234375
46.737762451171875
34.91302490234375
39.11855697631836
36.28110122680664
32.39183044433594
33.30904006958008
37.04353713989258
33.06053924560547
34.94641876220703
43.0509147644043
36.85895919799805
34.664031982421875
49.119903564453125
33.46686553955078
34.91302490234375
33.26737976074219
36.19551086425781
33.79090881347656
39.07088851928711
37.14225387573242
42.650203704833984
36.09239196777344
43.724021911621094
35.18043518066406
35.058692932128906
38.96047592163086
33.26737976074219
33.26423263549805
35.01547622680664
38.90919494628906
37.2228889465332
37.39897918701172
32.464900970458984
39.18986511230469
39.129608154296875
36.87968444824219
36.45645523071289
33.06053924560547
33.01472473144531
33.947566986083984
35.60901641845703
35.67044448852539
33.06053924560547
37.3425178527832
33.03255081176758
38.612327575683594
36.36259460449219
33.23781967163086
32.76031494140625
93.66133880615234
35.01547622680664
101.8208236694336
32.76031494140625
38.96047592163086
38.8530387878418
34.482208251953125
38.78306198120117
32.893192291259766
39.0620002746582
37.92219924926758
38.599754333496094
40.40164566040039
88.2657470703125
34.67155075073242
37.46391677856445
43.243064880371094
38.9725227355957
72.23035430908203
34.64181137084961
36.90888595581055
38.9725227355957
75.93028259277344
167.9600067138672
41.38636016845703
78.06716918945312
77.88739013671875
39.16987609863281
36.098411560058594
38.09651184082031
73.22334289550781
117.29576873779297
74.3020248413086
37.90708541870117
38.01502227783203
72.09021759033203
77.1348648071289
38.89850997924805
41.47555160522461
36.148681640625
36.826805114746094
35.61635971069336
54.72633743286133
75.7016372680664
139.70452880859375
41.38636016845703
42.567562103271484
37.21674728393555
36.92845916748047
36.25162887573242
39.16987609863281
36.00769805908203
36.96773910522461
38.9725227355957
36.970035552978516
49.20380401611328
37.843814849853516
185.56712341308594
73.22334289550781
41.58818435668945
40.40164566040039
40.500606536865234
40.47184371948242
36.69819641113281
38.2872428894043
73.22334289550781
40.500606536865234
38.99881362915039
37.14078903198242
47.71912384033203
37.45526123046875
34.494842529296875
40.46144104003906
36.970035552978516
40.84545135498047
74.3020248413086
38.9725227355957
36.970035552978516
37.897281646728516
48.088619232177734
40.50254440307617
36.81591796875
37.90708541870117
61.50129318237305
177.09471130371094
