17.890748977661133
5.218997955322266
4.753217697143555
17.67343521118164
19.236616134643555
20.495555877685547
19.509685516357422
22.488876342773438
13.484809875488281
14.095829010009766
55.85232925415039
18.798141479492188
29.997886657714844
14.983406066894531
14.983406066894531
4.768241882324219
5.136285781860352
9.225736618041992
5.112152099609375
40.1746711730957
23.975013732910156
24.608524322509766
17.464738845825195
16.980533599853516
5.171257019042969
20.54806137084961
5.233299255371094
17.717737197875977
32.73725891113281
17.57839584350586
14.381441116333008
18.887481689453125
4.868244171142578
4.69342041015625
28.34121322631836
18.1090030670166
15.640560150146484
27.087928771972656
22.123477935791016
17.67343521118164
17.981338500976562
5.158063888549805
14.246086120605469
16.397682189941406
13.50711441040039
5.061044692993164
19.020984649658203
5.078731536865234
61.11528778076172
5.775720596313477
5.060724258422852
9.872119903564453
17.67343521118164
17.59385108947754
19.234622955322266
10.958026885986328
18.135602951049805
25.463836669921875
12.586189270019531
17.689189910888672
14.174205780029297
12.950519561767578
27.158605575561523
17.648366928100586
32.419769287109375
14.381441116333008
12.603168487548828
20.678483963012695
8.407960891723633
5.654445648193359
13.649673461914062
17.378042221069336
20.082530975341797
20.005901336669922
21.357847213745117
5.026546478271484
10.557741165161133
7.0170440673828125
13.484809875488281
4.931041717529297
5.247461318969727
14.473381042480469
14.516349792480469
16.986289978027344
19.065967559814453
8.807104110717773
19.85192108154297
19.8112735748291
27.065143585205078
18.158287048339844
5.123023986816406
4.868244171142578
5.176074981689453
16.980533599853516
55.85232925415039
24.968229293823242
14.381441116333008
28.766477584838867
20.065532684326172
18.269285202026367
14.381441116333008
13.255355834960938
17.67343521118164
19.905778884887695
18.809585571289062
5.123023986816406
19.4937801361084
38.15163803100586
8.838224411010742
5.119941711425781
15.042007446289062
15.983142852783203
20.771221160888672
9.225736618041992
5.142127990722656
17.711088180541992
21.770668029785156
17.711088180541992
5.437191009521484
11.65086555480957
13.484809875488281
15.026866912841797
19.901344299316406
14.381441116333008
17.67343521118164
15.207725524902344
19.652204513549805
29.65192413330078
20.321975708007812
21.429943084716797
17.711088180541992
15.096830368041992
13.649673461914062
17.723026275634766
5.132503509521484
6.022117614746094
28.34121322631836
19.196298599243164
18.165843963623047
21.533552169799805
17.59385108947754
6.138511657714844
15.096830368041992
19.168176651000977
17.648366928100586
5.0728912353515625
8.608940124511719
5.247461318969727
19.812808990478516
22.042224884033203
5.451839447021484
19.52227020263672
17.38824462890625
14.381441116333008
14.443033218383789
17.964515686035156
17.134822845458984
16.776472091674805
14.381441116333008
17.178329467773438
14.473381042480469
5.27496337890625
13.198135375976562
17.464738845825195
14.246086120605469
22.46963882446289
17.648366928100586
27.065143585205078
14.246086120605469
6.138511657714844
4.982025146484375
14.507768630981445
5.003093719482422
14.174205780029297
6.293586730957031
18.64531898498535
19.03839683532715
22.825008392333984
47.41321563720703
20.737625122070312
23.40630340576172
23.949588775634766
19.492755889892578
36.328125
21.225749969482422
18.794891357421875
19.492755889892578
25.23343276977539
43.60957336425781
24.05657196044922
23.6683406829834
22.043203353881836
19.648696899414062
18.08144760131836
18.772640228271484
35.66764450073242
25.80756378173828
21.778079986572266
23.775428771972656
23.85720443725586
36.511558532714844
22.60856056213379
19.59675407409668
24.143871307373047
24.8940372467041
22.135738372802734
22.878694534301758
30.782245635986328
21.06239891052246
19.078369140625
24.05657196044922
25.2269287109375
18.325698852539062
22.09569549560547
17.863525390625
19.648696899414062
18.060626983642578
18.210186004638672
19.492755889892578
19.25529670715332
25.32231903076172
18.48541259765625
11.730278015136719
35.66764450073242
38.67517852783203
22.825008392333984
22.83772850036621
25.411815643310547
21.027259826660156
26.44440269470215
35.66764450073242
22.83772850036621
19.338586807250977
18.942367553710938
25.01565170288086
24.14865493774414
20.588417053222656
22.95145034790039
19.25529670715332
24.721988677978516
21.778079986572266
19.492755889892578
19.25529670715332
19.42424774169922
23.92522430419922
22.83846664428711
19.178173065185547
23.775428771972656
38.85243225097656
8.44940185546875
