33.938053131103516
34.68241500854492
34.21527099609375
33.560211181640625
35.854312896728516
35.63791275024414
35.97160339355469
32.086219787597656
30.87123680114746
31.45785140991211
141.59300231933594
35.62777328491211
33.503150939941406
31.77539825439453
31.77539825439453
34.14023971557617
34.74078369140625
32.39550018310547
34.69345474243164
38.755775451660156
75.70833587646484
32.760154724121094
31.869304656982422
31.927839279174805
34.746463775634766
37.7674446105957
33.526390075683594
46.601890563964844
66.72228240966797
32.365516662597656
31.624452590942383
35.21142578125
34.331790924072266
34.197410583496094
40.66340255737305
32.83504867553711
31.02262306213379
56.94407653808594
38.38996887207031
33.560211181640625
35.06135177612305
34.73396301269531
31.353137969970703
33.50726318359375
30.871410369873047
34.66324996948242
35.725093841552734
34.53292465209961
34.99032974243164
33.209808349609375
34.65616989135742
33.47313690185547
33.560211181640625
33.577476501464844
35.31934356689453
34.41765594482422
34.096580505371094
35.06254959106445
33.13932800292969
32.26721954345703
31.445449829101562
106.89899444580078
37.764068603515625
33.62632751464844
37.40083312988281
31.624452590942383
33.18626022338867
38.92869186401367
33.23704528808594
35.016632080078125
32.86096954345703
35.12249755859375
36.2458610534668
34.17497634887695
39.31779479980469
33.662574768066406
33.92179870605469
33.34444046020508
30.87123680114746
33.316139221191406
33.50870895385742
31.654003143310547
31.688800811767578
33.656494140625
35.646949768066406
33.36863327026367
36.13520431518555
36.13872528076172
76.33565521240234
31.112258911132812
34.628089904785156
34.331790924072266
33.78543472290039
31.927839279174805
141.59300231933594
68.41903686523438
31.624452590942383
32.709259033203125
65.59312438964844
32.3985710144043
31.624452590942383
33.401180267333984
33.560211181640625
36.159080505371094
35.0112190246582
34.628089904785156
35.9914436340332
38.10984802246094
33.52840042114258
34.63323974609375
33.51451873779297
30.60618782043457
31.604122161865234
32.39550018310547
34.59735107421875
33.53578186035156
43.06999588012695
33.53578186035156
34.856346130371094
33.24452590942383
30.87123680114746
31.95374870300293
36.171443939208984
31.624452590942383
33.560211181640625
39.39582443237305
35.978599548339844
33.65962219238281
44.574893951416016
32.38111877441406
33.53578186035156
31.834325790405273
32.86096954345703
32.509239196777344
34.78398132324219
33.36874771118164
40.66340255737305
35.13066482543945
40.40281677246094
34.131019592285156
33.577476501464844
34.77921676635742
31.834325790405273
32.032955169677734
33.62632751464844
34.65535354614258
33.55548858642578
33.50870895385742
31.3037109375
36.59512710571289
34.86667251586914
35.96965408325195
33.78886032104492
31.624452590942383
31.63503074645996
32.67808532714844
34.43503189086914
33.5963020324707
31.624452590942383
35.095924377441406
31.654003143310547
34.405452728271484
33.071624755859375
31.869304656982422
31.353137969970703
74.83979797363281
33.62632751464844
76.33565521240234
31.353137969970703
34.77921676635742
34.61237716674805
32.38107681274414
34.565223693847656
31.445449829101562
34.88842010498047
35.74272537231445
36.29179763793945
37.91664505004883
78.76289367675781
33.22071075439453
36.072296142578125
39.91510772705078
36.666831970214844
62.89324188232422
33.283565521240234
34.74853515625
36.666831970214844
65.8600845336914
109.15446472167969
38.86103439331055
67.48059844970703
67.1918716430664
36.84023666381836
34.16476058959961
35.89604568481445
63.7904052734375
84.21636199951172
64.65583801269531
36.40695571899414
36.49992370605469
62.80736541748047
66.81073760986328
36.644710540771484
38.944007873535156
35.05626678466797
35.302459716796875
34.3941535949707
50.40494918823242
65.6153335571289
102.39974212646484
38.86103439331055
39.63371276855469
35.02841567993164
35.36454391479492
34.23000717163086
36.84023666381836
34.07839584350586
34.78278350830078
36.666831970214844
34.83425521850586
45.48564529418945
35.611595153808594
118.16073608398438
63.7904052734375
40.3416862487793
37.91664505004883
37.99458312988281
38.33808135986328
34.87137985229492
36.858489990234375
63.7904052734375
37.99458312988281
36.64151382446289
34.93876647949219
44.23788070678711
35.93080139160156
33.07004165649414
37.958858489990234
34.83425521850586
38.479530334472656
64.65583801269531
36.666831970214844
34.83425521850586
35.80280685424805
44.426273345947266
37.99612808227539
34.692195892333984
36.40695571899414
55.68614959716797
120.23466491699219
