19.69039535522461
7.817831039428711
7.363548278808594
19.524944305419922
20.979434967041016
22.60323715209961
21.230960845947266
23.192689895629883
15.454625129699707
16.141494750976562
62.667808532714844
20.604167938232422
29.99199676513672
16.949851989746094
16.949851989746094
7.362524032592773
7.728385925292969
11.575508117675781
7.7059173583984375
40.747894287109375
27.642444610595703
25.20184326171875
19.110647201538086
18.74350357055664
7.734836578369141
22.927438735961914
7.780096054077148
20.115888595581055
35.792510986328125
19.349353790283203
16.40628433227539
20.56342315673828
7.462196350097656
7.280181884765625
30.326637268066406
19.727853775024414
17.329055786132812
29.571836471557617
23.517841339111328
19.524944305419922
19.809720993041992
7.7484893798828125
16.23029327392578
18.306230545043945
15.473516464233398
7.656330108642578
20.782474517822266
7.661293029785156
58.14457702636719
8.282831192016602
7.655628204345703
12.135334014892578
19.524944305419922
19.414514541625977
21.027111053466797
13.12957763671875
19.895893096923828
25.853439331054688
14.764907836914062
19.462902069091797
16.19789695739746
19.28217315673828
28.063203811645508
19.517356872558594
32.5019416809082
16.40628433227539
14.803319931030273
22.395063400268555
10.84848403930664
8.211631774902344
15.823678970336914
19.062393188476562
21.75680923461914
21.723215103149414
22.84071922302246
7.608436584472656
12.731386184692383
9.422069549560547
15.454625129699707
7.487125396728516
7.7950286865234375
16.51761245727539
16.560970306396484
18.88204574584961
20.816869735717773
11.21002197265625
21.54364776611328
21.514795303344727
30.003345489501953
19.252105712890625
7.700706481933594
7.462196350097656
7.768152236938477
18.74350357055664
62.667808532714844
27.750106811523438
16.40628433227539
28.583213806152344
23.717857360839844
19.93706703186035
16.40628433227539
15.368797302246094
19.524944305419922
21.592660903930664
20.587514877319336
7.700706481933594
21.222936630249023
38.761985778808594
11.250907897949219
7.697933197021484
16.940540313720703
17.54273223876953
21.776859283447266
11.575508117675781
7.715204238891602
19.562847137451172
23.480716705322266
19.562847137451172
8.02446174621582
13.893318176269531
15.454625129699707
17.05122947692871
21.590679168701172
16.40628433227539
19.524944305419922
17.011615753173828
21.359800338745117
29.76279067993164
22.33935546875
22.58028221130371
19.562847137451172
17.063451766967773
15.823678970336914
19.54981231689453
7.714530944824219
8.527986526489258
30.326637268066406
20.97210693359375
19.75267219543457
22.881698608398438
19.414514541625977
8.554414749145508
17.063451766967773
20.533565521240234
19.517356872558594
7.666532516479492
11.06583023071289
7.7950286865234375
20.910747528076172
23.60933494567871
8.038627624511719
21.243377685546875
19.413877487182617
16.40628433227539
16.487924575805664
19.79732322692871
19.022357940673828
18.4154052734375
16.40628433227539
18.906147003173828
16.51761245727539
7.809242248535156
15.419113159179688
19.110647201538086
16.23029327392578
25.763107299804688
19.517356872558594
30.003345489501953
16.23029327392578
8.554414749145508
7.575248718261719
16.15202522277832
7.608827590942383
16.19789695739746
8.72920036315918
20.502779006958008
20.893901824951172
24.487895965576172
49.35176086425781
21.98866844177246
24.837099075317383
25.46271514892578
21.346311569213867
38.47651290893555
22.44245147705078
20.53369903564453
21.346311569213867
28.4747314453125
45.90357971191406
25.688121795654297
26.859567642211914
25.573856353759766
21.501537322998047
19.826557159423828
20.630340576171875
37.93889617919922
28.63209342956543
25.507661819458008
25.197322845458984
25.275047302246094
38.638160705566406
25.962799072265625
21.444862365722656
25.761852264404297
25.7982234954834
23.578657150268555
23.984031677246094
32.533607482910156
24.76095199584961
24.023311614990234
25.688121795654297
26.50349235534668
20.138301849365234
23.559207916259766
19.64246368408203
21.501537322998047
19.787494659423828
19.997217178344727
21.346311569213867
20.94424057006836
27.203210830688477
20.336135864257812
17.26190948486328
37.93889617919922
37.93004608154297
24.487895965576172
24.512004852294922
26.926420211791992
22.52526092529297
27.613847732543945
37.93889617919922
24.512004852294922
21.192771911621094
20.676372528076172
26.794322967529297
25.32590103149414
21.834476470947266
24.613727569580078
20.94424057006836
26.290149688720703
25.507661819458008
21.346311569213867
20.94424057006836
21.206745147705078
25.8310546875
24.51278305053711
20.85902214050293
25.197322845458984
40.211456298828125
14.063507080078125
