21.438098907470703
10.411579132080078
9.953668594360352
21.33716583251953
22.816082000732422
24.51767921447754
23.07171630859375
23.941242218017578
17.338825225830078
18.087963104248047
68.62738800048828
22.502857208251953
30.143798828125
18.81326675415039
18.81326675415039
9.942041397094727
10.324634552001953
13.966594696044922
10.313936233520508
40.844573974609375
31.661518096923828
25.980648040771484
20.67485809326172
20.42357635498047
10.334436416625977
24.997577667236328
10.316171646118164
22.499439239501953
38.68390655517578
20.989471435546875
18.352523803710938
22.254817962646484
10.054389953613281
9.840675354003906
32.04255676269531
21.38998031616211
18.922136306762695
31.94487762451172
24.898792266845703
21.33716583251953
21.6708984375
10.334329605102539
18.125770568847656
20.193527221679688
17.355213165283203
10.264104843139648
22.627723693847656
10.268680572509766
56.113441467285156
10.863698959350586
10.265888214111328
14.391403198242188
21.33716583251953
21.18020248413086
22.955265045166016
15.340948104858398
21.6964111328125
26.459980010986328
16.77448081970215
21.091079711914062
18.13707733154297
25.77999496459961
29.009275436401367
21.343215942382812
32.79058074951172
18.352523803710938
16.991666793823242
24.166780471801758
13.20794677734375
10.756429672241211
18.104631423950195
20.844707489013672
23.585840225219727
23.59976577758789
24.347793579101562
10.180074691772461
14.908218383789062
11.914762496948242
17.338825225830078
10.042182922363281
10.345014572143555
18.46084213256836
18.504798889160156
20.743562698364258
22.665821075439453
13.56254768371582
23.375335693359375
23.355304718017578
32.80772399902344
20.42232894897461
10.326631546020508
10.054389953613281
10.351654052734375
20.42357635498047
68.62738800048828
31.31275177001953
18.352523803710938
28.402706146240234
27.231155395507812
21.533653259277344
18.352523803710938
17.338459014892578
21.33716583251953
23.422454833984375
22.466012954711914
10.326631546020508
23.064661026000977
38.83366775512695
13.713581085205078
10.324394226074219
18.81981658935547
19.10333251953125
22.758634567260742
13.966594696044922
10.331134796142578
21.37783432006836
25.277738571166992
21.37783432006836
10.620780944824219
16.030195236206055
17.338825225830078
18.977319717407227
23.421302795410156
18.352523803710938
21.33716583251953
18.796682357788086
23.206371307373047
29.99667739868164
24.3066349029541
23.739551544189453
21.37783432006836
18.923648834228516
18.104631423950195
21.22393798828125
10.304756164550781
11.069234848022461
32.04255676269531
22.889171600341797
21.337085723876953
24.34650421142578
21.18020248413086
11.048337936401367
18.923648834228516
21.89600372314453
21.343215942382812
10.274396896362305
13.428062438964844
10.345014572143555
22.03101348876953
25.064010620117188
10.631155014038086
23.087631225585938
21.15000343322754
18.352523803710938
18.431711196899414
21.470470428466797
20.910144805908203
20.031591415405273
18.352523803710938
20.71967124938965
18.46084213256836
10.367137908935547
17.696155548095703
20.67485809326172
18.125770568847656
29.128742218017578
21.343215942382812
32.80772399902344
18.125770568847656
11.048337936401367
10.154613494873047
17.90375518798828
10.195901870727539
18.13707733154297
11.210556030273438
22.276716232299805
22.6644287109375
26.121295928955078
51.92853927612305
23.25432586669922
26.208606719970703
27.064483642578125
23.122303009033203
40.562435150146484
23.67632484436035
22.18219566345215
23.122303009033203
31.925230026245117
48.19633102416992
27.35039710998535
30.513959884643555
29.2786808013916
23.27811622619629
21.471649169921875
22.405529022216797
40.19187927246094
31.51934242248535
28.874547958374023
26.573972702026367
26.650840759277344
40.69775390625
29.610021591186523
23.21803855895996
27.422332763671875
26.743736267089844
24.918148040771484
25.056499481201172
34.63761520385742
28.451759338378906
29.394271850585938
27.35039710998535
27.94915771484375
21.845293045043945
24.922618865966797
21.314271926879883
23.27811622619629
21.410907745361328
21.680004119873047
23.122303009033203
22.553316116333008
29.000595092773438
22.093835830688477
24.62317657470703
40.19187927246094
37.735984802246094
26.121295928955078
26.15882110595703
28.41039276123047
24.00161361694336
28.822420120239258
40.19187927246094
26.15882110595703
22.965579986572266
22.32050323486328
28.510116577148438
26.4727783203125
23.080196380615234
26.24378776550293
22.553316116333008
27.80553436279297
28.874547958374023
23.122303009033203
22.553316116333008
22.927583694458008
27.65003204345703
26.15964126586914
22.46002197265625
26.573972702026367
42.214752197265625
23.359272003173828
