18.804466247558594
6.525842666625977
6.073875427246094
18.612110137939453
20.115243911743164
21.56226348876953
20.376136779785156
22.83414077758789
14.486982345581055
15.140237808227539
59.131011962890625
19.70805549621582
30.01309585571289
15.990608215332031
15.990608215332031
6.090288162231445
6.442617416381836
10.432886123657227
6.421745300292969
40.264793395996094
25.934249877929688
24.892623901367188
18.304973602294922
17.870149612426758
6.466022491455078
21.7386417388916
6.53021240234375
18.96984100341797
33.8704833984375
18.501741409301758
15.399572372436523
19.73501968383789
6.187076568603516
6.002614974975586
29.384750366210938
18.914268493652344
16.505294799804688
28.35755157470703
22.844505310058594
18.612110137939453
18.905006408691406
6.463134765625
15.259220123291016
17.36138153076172
14.507425308227539
6.372688293457031
19.909217834472656
6.391387939453125
59.29737091064453
7.045036315917969
6.372690200805664
11.016891479492188
18.612110137939453
18.519588470458984
20.131921768188477
12.051761627197266
19.019184112548828
25.629201889038086
13.717634201049805
18.615577697753906
15.193964004516602
16.497787475585938
27.64934539794922
18.596296310424805
32.368309020996094
15.399572372436523
13.632349014282227
21.530498504638672
9.613245010375977
6.931270599365234
14.75467300415039
18.217571258544922
20.92333984375
20.74759292602539
22.105436325073242
6.341053009033203
11.657299041748047
8.235736846923828
14.486982345581055
6.2290802001953125
6.543493270874023
15.514392852783203
15.557147979736328
17.94321632385254
19.94803237915039
9.992691040039062
20.702301025390625
20.66779136657715
28.617935180664062
18.697845458984375
6.426748275756836
6.187076568603516
6.487051010131836
17.870149612426758
59.131011962890625
26.46310806274414
15.399572372436523
28.693641662597656
21.999309539794922
19.10833168029785
15.399572372436523
14.350234985351562
18.612110137939453
20.753591537475586
19.699670791625977
6.426748275756836
20.3647518157959
38.280311584472656
10.036266326904297
6.423740386962891
16.000476837158203
16.756118774414062
21.282588958740234
10.432886123657227
6.443696975708008
18.648698806762695
22.641056060791016
18.648698806762695
6.733030319213867
12.808551788330078
14.486982345581055
16.054546356201172
20.750492095947266
15.399572372436523
18.612110137939453
16.123191833496094
20.510417938232422
29.73343276977539
21.305744171142578
22.013391494750977
18.648698806762695
16.10439109802246
14.75467300415039
18.679258346557617
6.4370269775390625
7.286918640136719
29.384750366210938
20.084123611450195
18.959545135498047
22.20284652709961
18.519588470458984
7.348367691040039
16.10439109802246
19.84741973876953
18.596296310424805
6.384494781494141
9.818384170532227
6.543493270874023
20.359725952148438
22.819808959960938
6.746694564819336
20.388376235961914
18.441761016845703
15.399572372436523
15.484508514404297
18.922889709472656
18.089536666870117
17.605987548828125
15.399572372436523
18.040443420410156
15.514392852783203
6.559514999389648
14.318243026733398
18.304973602294922
15.259220123291016
24.139888763427734
18.596296310424805
28.617935180664062
15.259220123291016
7.348367691040039
6.294017791748047
15.319587707519531
6.317941665649414
15.193964004516602
7.507513046264648
19.594520568847656
19.98814582824707
23.669235229492188
48.351287841796875
21.357585906982422
24.12564468383789
24.699951171875
20.438785552978516
37.36833572387695
21.819290161132812
19.689075469970703
20.438785552978516
26.88948631286621
44.90208435058594
24.875865936279297
25.142589569091797
23.7922306060791
20.593902587890625
18.978961944580078
19.72239112854004
36.76860809326172
27.346813201904297
23.794219970703125
24.489774703979492
24.569141387939453
37.54155731201172
24.207624435424805
20.5377254486084
24.954269409179688
25.329715728759766
22.87676239013672
23.43556022644043
31.606245040893555
22.95572853088379
21.79180908203125
24.875865936279297
25.867761611938477
19.259496688842773
22.847240447998047
18.7802677154541
20.593902587890625
18.949832916259766
19.131607055664062
20.438785552978516
20.121570587158203
26.27679443359375
19.435638427734375
14.567436218261719
36.76860809326172
38.220184326171875
23.669235229492188
23.68707847595215
26.181293487548828
21.786012649536133
27.02490997314453
36.76860809326172
23.68707847595215
20.287012100219727
19.833749771118164
25.949893951416016
24.738422393798828
21.208267211914062
23.797016143798828
20.121570587158203
25.525787353515625
23.794219970703125
20.438785552978516
20.121570587158203
20.333850860595703
24.92011833190918
23.68783187866211
20.041282653808594
24.489774703979492
39.484683990478516
11.437690734863281
