31.294086456298828
27.613691329956055
27.191783905029297
31.06668472290039
33.366920471191406
32.17900085449219
33.53175354003906
29.752899169921875
27.920724868774414
28.69461441040039
119.3060302734375
33.14098358154297
32.06684494018555
29.043569564819336
29.043569564819336
27.113370895385742
27.653079986572266
27.20136070251465
27.627614974975586
38.82664489746094
59.393104553222656
31.076370239257812
29.31455421447754
29.385604858398438
27.703092575073242
34.089073181152344
26.808414459228516
38.98664093017578
54.3110466003418
29.966358184814453
28.85399055480957
32.576629638671875
27.28725242614746
27.162342071533203
38.51109313964844
30.302345275878906
28.185400009155273
47.537960052490234
34.23664093017578
31.06668472290039
32.436370849609375
27.64403533935547
28.594642639160156
30.793441772460938
27.92031478881836
27.593481063842773
33.22119140625
27.51264190673828
37.40467834472656
26.9517765045166
27.591659545898438
28.046218872070312
31.06668472290039
30.98370933532715
32.98042297363281
28.94843864440918
31.60612678527832
32.6651725769043
27.830299377441406
29.900190353393555
28.643306732177734
80.3681640625
35.6356201171875
31.1258487701416
35.97231674194336
28.85399055480957
28.67677116394043
35.559444427490234
27.502613067626953
27.920366287231445
28.225421905517578
31.032976150512695
33.87803649902344
31.393970489501953
35.98324966430664
26.921630859375
28.45858383178711
27.242446899414062
27.920724868774414
26.67490577697754
26.843852996826172
28.950157165527344
28.990524291992188
31.032424926757812
33.16346740722656
27.62982177734375
33.735355377197266
33.74152755737305
59.611419677734375
28.707942962646484
27.6285400390625
27.28725242614746
27.082008361816406
29.385604858398438
119.3060302734375
57.03797149658203
28.85399055480957
30.703699111938477
51.7225341796875
30.005643844604492
28.85399055480957
28.229001998901367
31.06668472290039
33.76539611816406
32.5727424621582
27.6285400390625
33.54922103881836
37.741485595703125
28.035438537597656
27.631261825561523
29.466922760009766
28.01603126525879
29.522933959960938
27.20136070251465
27.608299255371094
31.049264907836914
38.06773376464844
31.049264907836914
27.79767608642578
27.970008850097656
27.920724868774414
29.315959930419922
33.77643585205078
28.85399055480957
31.06668472290039
33.23548126220703
33.57258987426758
32.22615051269531
37.434932708740234
30.474807739257812
31.049264907836914
29.11874771118164
28.225421905517578
30.14695930480957
27.688343048095703
26.99155044555664
38.51109313964844
32.79904556274414
34.682804107666016
32.144935607910156
30.98370933532715
27.896747589111328
29.11874771118164
29.678647994995117
31.1258487701416
27.592945098876953
27.80558967590332
26.843852996826172
29.156160354614258
33.336517333984375
27.80382537841797
33.533424377441406
29.258007049560547
28.85399055480957
28.927785873413086
30.342971801757812
31.736675262451172
29.80535888671875
28.85399055480957
30.972610473632812
28.950157165527344
27.47771453857422
28.35020637512207
29.31455421447754
28.594642639160156
57.534175872802734
31.1258487701416
59.611419677734375
28.594642639160156
27.896747589111328
27.517393112182617
28.45741844177246
27.478336334228516
28.643306732177734
27.96942901611328
32.31014633178711
32.74954605102539
34.779502868652344
68.98829650878906
30.688966751098633
33.655731201171875
36.0138053894043
33.16287612915039
55.01543426513672
30.908245086669922
31.4775333404541
33.16287612915039
54.28608703613281
80.03431701660156
35.88401794433594
55.04444885253906
54.632164001464844
33.322486877441406
30.913013458251953
32.447113037109375
55.91301727294922
63.750709533691406
52.706321716308594
33.9587287902832
34.041709899902344
54.98160171508789
54.51252746582031
33.19886016845703
35.97988510131836
33.030479431152344
32.65022277832031
31.956283569335938
46.35218048095703
53.45762252807617
77.32344818115234
35.88401794433594
36.256492614746094
31.577335357666016
32.68711853027344
30.89682388305664
33.322486877441406
30.815662384033203
31.322280883789062
33.16287612915039
31.65751075744629
40.44564437866211
32.119407653808594
82.21003723144531
55.91301727294922
39.303829193115234
34.779502868652344
34.84027099609375
35.58638381958008
32.15645217895508
34.780357360839844
55.91301727294922
34.84027099609375
33.06694030761719
31.63347816467285
39.37210464477539
33.28421401977539
30.523900985717773
34.799861907958984
31.65751075744629
35.44276428222656
52.706321716308594
33.16287612915039
31.65751075744629
32.541385650634766
39.283241271972656
34.84150695800781
31.497140884399414
33.9587287902832
51.08189010620117
84.81098175048828
