15.265724182128906
1.47918701171875
1.0297203063964844
14.954109191894531
16.693429946899414
17.078615188598633
16.978103637695312
21.21173095703125
10.615829467773438
11.100114822387695
48.58583068847656
16.13742446899414
29.03766632080078
11.999948501586914
11.999948501586914
1.068084716796875
1.4106578826904297
5.683649063110352
1.377279281616211
38.08323669433594
19.394302368164062
23.52513313293457
14.927980422973633
14.23471450805664
1.463064193725586
16.803964614868164
1.5623931884765625
14.63943862915039
28.068809509277344
14.802005767822266
11.365638732910156
16.537139892578125
1.1516761779785156
1.0260791778564453
25.112476348876953
15.665433883666992
13.100509643554688
23.72751235961914
20.248451232910156
14.954109191894531
15.35650634765625
1.4414405822753906
11.343915939331055
13.619508743286133
10.642898559570312
1.32806396484375
16.454877853393555
1.361032485961914
62.14094924926758
2.095155715942383
1.3261528015136719
6.7448883056640625
14.954109191894531
14.946701049804688
16.472572326660156
7.871726989746094
15.505693435668945
25.224777221679688
9.376884460449219
14.907913208007812
11.179872512817383
5.7675323486328125
25.174057006835938
14.902851104736328
31.38481903076172
11.365638732910156
9.00094985961914
18.277606964111328
4.77320671081543
1.9775447845458984
10.017465591430664
15.054378509521484
17.591567993164062
17.539934158325195
19.647335052490234
1.3155555725097656
7.552988052368164
3.4279212951660156
10.615829467773438
1.2490482330322266
1.5600433349609375
11.475955963134766
11.517435073852539
14.232635498046875
16.499954223632812
5.343955993652344
17.346994400024414
17.28912925720215
23.180835723876953
16.90431022644043
1.384927749633789
1.1516761779785156
1.4464950561523438
14.23471450805664
48.58583068847656
20.57861328125
11.365638732910156
28.632308959960938
15.131385803222656
15.594512939453125
11.365638732910156
10.238996505737305
14.954109191894531
17.406381607055664
16.105724334716797
1.384927749633789
16.95203399658203
36.21317672729492
5.251068115234375
1.380828857421875
12.479974746704102
13.58697509765625
19.587120056152344
5.683649063110352
1.4184532165527344
14.985923767089844
19.540706634521484
14.985923767089844
1.6992721557617188
8.330053329467773
10.615829467773438
12.050436019897461
17.399736404418945
11.365638732910156
14.954109191894531
12.92955207824707
17.117666244506836
28.569231033325195
17.442699432373047
19.331771850585938
14.985923767089844
12.107881546020508
10.017465591430664
14.835714340209961
1.4231605529785156
2.3553314208984375
25.112476348876953
16.460054397583008
16.04641342163086
19.628591537475586
14.946701049804688
2.704559326171875
12.107881546020508
16.999645233154297
14.902851104736328
1.3429336547851562
4.981372833251953
1.5600433349609375
18.364795684814453
18.409887313842773
1.7168388366699219
16.983787536621094
14.24993896484375
11.365638732910156
11.445512771606445
15.053396224975586
14.42793083190918
14.539144515991211
11.365638732910156
14.806131362915039
11.475955963134766
1.6535911560058594
9.727191925048828
14.927980422973633
11.343915939331055
18.12352752685547
14.902851104736328
23.180835723876953
11.343915939331055
2.704559326171875
1.276845932006836
12.334999084472656
1.2773685455322266
11.179872512817383
2.8598861694335938
15.96853256225586
16.371906280517578
20.257295608520508
45.253578186035156
18.796466827392578
21.217552185058594
21.617948532104492
16.823345184326172
32.73147201538086
19.333229064941406
16.211902618408203
16.823345184326172
20.72435760498047
41.51169967651367
21.448740005493164
18.899837493896484
17.245498657226562
16.981124877929688
15.580057144165039
16.09406852722168
31.99099349975586
22.544334411621094
17.124679565429688
21.548778533935547
21.63091278076172
32.93202590942383
17.845630645751953
16.928255081176758
21.53980255126953
23.42315673828125
20.013925552368164
21.2330265045166
27.960729598999023
16.101871490478516
13.983200073242188
21.448740005493164
23.06707191467285
15.719783782958984
19.940202713012695
15.30621337890625
16.981124877929688
15.609033584594727
15.63224983215332
16.823345184326172
16.717607498168945
22.699260711669922
15.826370239257812
5.2426605224609375
31.99099349975586
39.94438171386719
20.257295608520508
20.25170135498047
23.054441452026367
18.610401153564453
24.639991760253906
31.99099349975586
20.25170135498047
16.67681884765625
16.36631965637207
22.365230560302734
22.2762451171875
18.706493377685547
20.396381378173828
16.717607498168945
22.288105010986328
17.124679565429688
16.823345184326172
16.717607498168945
16.875104904174805
21.192760467529297
20.252416610717773
16.64232063293457
21.548778533935547
36.06205749511719
1.6360931396484375
