30.657146453857422
26.129098892211914
25.729904174804688
30.4810791015625
32.697635650634766
31.543071746826172
32.870582580566406
29.207807540893555
27.175567626953125
27.975440979003906
114.55839538574219
32.47298812866211
31.837364196777344
28.328540802001953
28.328540802001953
25.63166618347168
26.166404724121094
26.247817993164062
26.146787643432617
39.14635467529297
56.68329620361328
30.66815757751465
28.698368072509766
28.745399475097656
26.230594635009766
33.37743377685547
25.397369384765625
37.59510040283203
52.66175842285156
29.33655548095703
28.120086669921875
31.9003849029541
25.803607940673828
25.67770004272461
38.219261169433594
29.7010498046875
27.497529983520508
45.88775634765625
33.348873138427734
30.4810791015625
31.748022079467773
26.15617561340332
27.887348175048828
30.101709365844727
27.17570686340332
26.110939025878906
32.549564361572266
26.04131317138672
38.828880310058594
25.656490325927734
26.110671997070312
26.897518157958984
30.4810791015625
30.378877639770508
32.35956954956055
27.800382614135742
30.974851608276367
32.102684020996094
26.806121826171875
29.293886184692383
27.90676498413086
74.75018310546875
35.15624237060547
30.538278579711914
35.73657989501953
28.120086669921875
27.822406768798828
34.79646301269531
26.33971405029297
26.436368942260742
27.597763061523438
30.204967498779297
33.22983932495117
30.936304092407227
35.155372619628906
25.50408935546875
27.311824798583984
25.98983383178711
27.175567626953125
25.290145874023438
25.447303771972656
28.23872184753418
28.279220581054688
30.374177932739258
32.49689865112305
26.492450714111328
33.08106231689453
33.08744812011719
56.600650787353516
28.079139709472656
26.166065216064453
25.803607940673828
25.66710090637207
28.745399475097656
114.55839538574219
54.63079071044922
28.120086669921875
30.271251678466797
49.22286605834961
29.402957916259766
28.120086669921875
27.228160858154297
30.4810791015625
33.11236572265625
31.935806274414062
26.166065216064453
32.8874626159668
37.944847106933594
26.943431854248047
26.16814422607422
28.62625503540039
27.397348403930664
28.982271194458008
26.247817993164062
26.148775100708008
30.467008590698242
37.0097541809082
30.467008590698242
26.32067108154297
26.91753578186035
27.175567626953125
28.611507415771484
33.12278747558594
28.120086669921875
30.4810791015625
31.93659782409668
32.91836166381836
31.99631690979004
36.01288604736328
30.030656814575195
30.467008590698242
28.406570434570312
27.597763061523438
29.531940460205078
26.201465606689453
25.662288665771484
38.219261169433594
32.18385696411133
33.42646408081055
31.667373657226562
30.378877639770508
26.459428787231445
28.406570434570312
29.087383270263672
30.538278579711914
26.112192153930664
26.645946502685547
25.447303771972656
28.606199264526367
32.78427505493164
26.325672149658203
32.872894287109375
28.421199798583984
28.120086669921875
28.216068267822266
29.729516983032227
31.041994094848633
29.017562866210938
28.120086669921875
30.139625549316406
28.23872184753418
26.03335189819336
27.6570987701416
28.698368072509766
27.887348175048828
54.50763702392578
30.538278579711914
56.600650787353516
27.887348175048828
26.459428787231445
26.023765563964844
27.640064239501953
25.986391067504883
27.90676498413086
26.521846771240234
31.531015396118164
31.961423873901367
34.127418518066406
67.30522918701172
30.111957550048828
33.092933654785156
35.25844955444336
32.38452911376953
53.59132766723633
30.36334800720215
30.750598907470703
32.38452911376953
52.09588623046875
76.02379608154297
35.2667121887207
52.65105438232422
52.124813079833984
32.544349670410156
30.165435791015625
31.668115615844727
54.450496673583984
60.03458786010742
50.34773254394531
33.401153564453125
33.483734130859375
53.567115783691406
52.13533020019531
32.42915725708008
35.36138153076172
32.5382080078125
32.03611373901367
31.382246017456055
45.53760528564453
51.02873611450195
72.37705993652344
35.2667121887207
35.552093505859375
30.801738739013672
32.07262420654297
30.1365966796875
32.544349670410156
30.06767463684082
30.547576904296875
32.38452911376953
30.95126724243164
39.40812683105469
31.331045150756836
76.29151916503906
54.450496673583984
39.1093635559082
34.127418518066406
34.18735122680664
35.0661506652832
31.55150604248047
34.36323928833008
54.450496673583984
34.18735122680664
32.27711868286133
30.90074348449707
38.37889862060547
32.71111297607422
29.94015884399414
34.15250015258789
30.95126724243164
34.864662170410156
50.34773254394531
32.38452911376953
30.95126724243164
31.80406951904297
38.218379974365234
34.18854522705078
30.79039764404297
33.401153564453125
50.38224792480469
78.30142211914062
