35.083106994628906
37.93876647949219
37.45272445678711
34.66131591796875
36.656429290771484
37.41460418701172
36.73835372924805
33.10430145263672
32.08556365966797
32.58229446411133
153.49264526367188
36.430904388427734
34.30207061767578
32.90982437133789
32.90982437133789
37.353294372558594
38.02031707763672
34.97618103027344
37.9656867980957
39.084232330322266
88.85206604003906
33.494014739990234
32.961185455322266
32.99898910522461
38.03363037109375
39.608787536621094
36.58320236206055
50.72487258911133
75.78877258300781
33.39536666870117
32.757354736328125
36.167945861816406
37.56480026245117
37.42872619628906
42.180294036865234
33.89603805541992
32.221431732177734
62.37950897216797
40.4636116027832
34.66131591796875
35.96736526489258
38.010589599609375
32.48015594482422
34.536598205566406
32.08653259277344
37.93472671508789
36.53878402709961
37.78487777709961
36.519264221191406
36.1307487487793
37.9264030456543
35.85022735595703
34.66131591796875
34.749637603759766
36.113887786865234
36.86405944824219
35.05044937133789
35.90732192993164
35.59092712402344
33.27909851074219
32.59025573730469
122.8001708984375
38.725730895996094
34.73005294799805
38.41773986816406
32.757354736328125
35.757686614990234
40.47062683105469
36.03383255004883
38.31619644165039
35.46375274658203
36.87518310546875
36.962467193603516
36.026466369628906
40.89783477783203
36.74077606201172
36.33379364013672
36.193946838378906
32.08556365966797
36.37279510498047
36.550601959228516
32.75016403198242
32.782711029052734
34.6767463684082
36.44390869140625
36.17766189575195
36.87319564819336
36.87590026855469
92.88764190673828
32.09290313720703
37.88991928100586
37.56480026245117
36.85361862182617
32.99898910522461
153.49264526367188
74.75418853759766
32.757354736328125
33.70172882080078
74.33074188232422
33.41681671142578
32.757354736328125
35.77836608886719
34.66131591796875
36.89268493652344
35.87740707397461
37.88991928100586
36.76100158691406
38.61225509643555
36.26667022705078
37.896018981933594
35.208953857421875
31.69519805908203
32.453575134277344
34.97618103027344
37.855323791503906
34.63138198852539
45.72792434692383
34.63138198852539
38.12997817993164
35.65135192871094
32.08556365966797
33.027278900146484
36.90626907348633
32.757354736328125
34.66131591796875
42.21240234375
36.721126556396484
34.45590591430664
48.03856658935547
33.249229431152344
34.63138198852539
32.96140670776367
35.46375274658203
33.51861572265625
38.077274322509766
36.32185745239258
42.180294036865234
35.92866134643555
42.969451904296875
34.97523880004883
34.749637603759766
37.9899787902832
32.96140670776367
33.014339447021484
34.73005294799805
37.92500305175781
36.40700149536133
36.550601959228516
32.21617126464844
38.5925178527832
38.141109466552734
36.73410415649414
35.90900421142578
32.757354736328125
32.73237609863281
33.674747467041016
35.40089416503906
35.24263000488281
32.757354736328125
36.85689926147461
32.75016403198242
37.63616180419922
35.636253356933594
32.961185455322266
32.48015594482422
87.58476257324219
34.73005294799805
92.88764190673828
32.48015594482422
37.9899787902832
37.88119888305664
34.06306838989258
37.81944274902344
32.59025573730469
38.1003303527832
37.40284729003906
38.041473388671875
39.7364501953125
85.62998962402344
34.37014389038086
37.16375732421875
42.345523834228516
38.41275405883789
69.40201568603516
34.36018753051758
36.39441680908203
38.41275405883789
73.29932403564453
145.83035278320312
40.68959045410156
75.23802185058594
75.04733276367188
38.60227584838867
35.661643981933594
37.56901931762695
70.34308624267578
104.96614074707031
71.82129669189453
37.56680679321289
37.66886901855469
69.27774810791016
74.39128112792969
38.353553771972656
40.773929595947266
35.93162155151367
36.5045280456543
35.39193344116211
53.41423797607422
73.07685089111328
125.89862823486328
40.68959045410156
41.76399230957031
36.7031364440918
36.59001922607422
35.7879524230957
38.60227584838867
35.57381820678711
36.45438766479492
38.41275405883789
36.457035064697266
48.26222610473633
37.31157684326172
158.08445739746094
70.34308624267578
41.22256851196289
39.7364501953125
39.82990646362305
39.91072463989258
36.26344299316406
37.925140380859375
70.34308624267578
39.82990646362305
38.424503326416016
36.61476135253906
46.86046600341797
37.13975143432617
34.2025260925293
39.79310989379883
36.457035064697266
40.222713470458984
71.82129669189453
38.41275405883789
36.457035064697266
37.3977165222168
47.177696228027344
39.83173751831055
36.309288024902344
37.56680679321289
59.63198471069336
154.7398223876953
