20.52817153930664
9.072639465332031
8.608400344848633
20.39702606201172
21.89867401123047
23.605098724365234
22.16390609741211
23.579477310180664
16.356542587280273
17.076566696166992
77.65203857421875
21.562292098999023
30.072689056396484
17.85463523864746
17.85463523864746
8.599960327148438
8.988346099853516
12.775209426879883
8.974431991577148
40.94725036621094
29.628921508789062
25.650711059570312
19.866031646728516
19.570018768310547
9.005228042602539
23.95047950744629
8.991666793823242
21.254608154296875
37.17685317993164
20.141231536865234
17.356796264648438
21.367645263671875
8.711517333984375
8.505369186401367
31.18462562561035
20.56106185913086
18.088903427124023
30.773963928222656
24.185352325439453
20.39702606201172
20.719614028930664
9.00076675415039
17.13857650756836
19.222766876220703
16.37411117553711
8.923694610595703
21.70516014099121
8.929473876953125
57.741477966308594
9.539604187011719
8.925098419189453
13.21841049194336
20.39702606201172
20.251747131347656
22.04315948486328
14.216602325439453
20.810775756835938
26.14106559753418
15.760112762451172
20.252578735351562
17.140735626220703
22.216472625732422
28.376354217529297
20.394939422607422
32.733734130859375
17.356796264648438
15.895513534545898
23.197803497314453
11.986581802368164
9.446067810058594
17.00257682800293
19.949739456176758
22.698305130004883
22.691720962524414
23.513042449951172
8.836654663085938
13.778032302856445
10.643718719482422
16.356542587280273
8.716171264648438
9.015186309814453
17.453815460205078
17.498050689697266
19.779157638549805
21.74930191040039
12.355203628540039
22.480133056640625
22.455570220947266
31.284751892089844
19.794376373291016
8.988222122192383
8.711517333984375
9.00368881225586
19.570018768310547
77.65203857421875
29.4641056060791
17.356796264648438
28.51811981201172
25.521282196044922
20.730480194091797
17.356796264648438
16.338302612304688
20.39702606201172
22.529455184936523
21.558305740356445
8.988222122192383
22.153648376464844
38.900665283203125
12.46795654296875
8.985725402832031
17.83346176147461
18.306934356689453
22.232816696166992
12.775209426879883
8.996368408203125
20.438518524169922
24.335956573486328
20.438518524169922
9.289730072021484
14.948436737060547
16.356542587280273
17.983373641967773
22.52707290649414
17.356796264648438
20.39702606201172
17.804412841796875
22.30760955810547
29.86556625366211
23.341827392578125
23.140056610107422
20.438518524169922
17.96710777282715
17.00257682800293
20.363704681396484
8.971952438354492
9.756338119506836
31.18462562561035
21.985511779785156
20.49059295654297
23.64285659790039
20.251747131347656
9.773551940917969
17.96710777282715
21.213985443115234
20.394939422607422
8.934532165527344
12.203458786010742
9.015186309814453
21.445423126220703
24.214632034301758
9.301136016845703
22.180753707885742
20.295940399169922
17.356796264648438
17.424243927001953
20.613731384277344
19.93682098388672
19.167245864868164
17.356796264648438
19.802175521850586
17.453815460205078
9.054824829101562
16.572166442871094
19.866031646728516
17.13857650756836
27.496776580810547
20.394939422607422
31.284751892089844
17.13857650756836
9.773551940917969
8.816349029541016
16.9894962310791
8.854129791259766
17.140735626220703
9.935726165771484
21.36435317993164
21.754215240478516
25.312213897705078
50.671993255615234
22.623950958251953
25.517608642578125
26.289413452148438
22.21466827392578
39.48940658569336
23.075115203857422
21.337684631347656
22.21466827392578
30.225217819213867
46.8004264831543
26.550086975097656
28.5846004486084
27.304569244384766
22.370838165283203
20.61962127685547
21.49251937866211
39.02558135986328
29.881732940673828
27.22400665283203
25.885391235351562
25.96295738220215
39.6378059387207
27.669038772583008
22.312843322753906
26.631122589111328
26.277772903442383
24.207748413085938
24.4912109375
33.681434631347656
26.533885955810547
26.45449447631836
26.550086975097656
27.25552749633789
20.96343994140625
24.20758056640625
20.447742462158203
22.370838165283203
20.565109252929688
20.810409545898438
22.21466827392578
21.73210906982422
28.073423385620117
21.188270568847656
20.58025360107422
39.02558135986328
37.892921447753906
25.312213897705078
25.341646194458008
27.656282424926758
23.25522804260254
28.218700408935547
39.02558135986328
25.341646194458008
22.05508804321289
21.479961395263672
27.62923812866211
25.876665115356445
22.45661163330078
25.428794860839844
21.73210906982422
27.031734466552734
27.22400665283203
22.21466827392578
21.73210906982422
22.05065155029297
26.704753875732422
25.342437744140625
21.64109992980957
25.885391235351562
41.398780822753906
18.496055603027344
