25.04935073852539
15.93165397644043
15.511041641235352
25.021930694580078
26.608142852783203
27.253948211669922
26.83281707763672
25.521934509277344
21.083263397216797
21.934432983398438
83.99986267089844
26.356462478637695
30.706771850585938
22.467235565185547
22.467235565185547
15.441795349121094
15.878511428833008
18.626876831054688
15.871885299682617
40.868370056152344
40.08523178100586
27.612808227539062
23.700809478759766
23.582643508911133
15.906625747680664
28.45981216430664
15.654020309448242
27.4739990234375
44.41266632080078
24.207637786865234
22.093856811523438
25.90582275390625
15.574789047241211
15.379953384399414
35.061248779296875
24.592788696289062
22.087017059326172
37.18896484375
27.937145233154297
25.021930694580078
25.54986572265625
15.877035140991211
21.92038345336914
24.05075454711914
21.09287452697754
15.824789047241211
26.44049072265625
15.806356430053711
50.623443603515625
16.197856903076172
15.827388763427734
19.060264587402344
25.021930694580078
24.84454917907715
26.65868377685547
19.910541534423828
25.29294776916504
28.25531768798828
20.305789947509766
24.279394149780273
21.880538940429688
40.8636474609375
31.649517059326172
25.05356788635254
33.59922790527344
22.093856811523438
21.287235260009766
28.3800048828125
18.065750122070312
16.240053176879883
22.26335906982422
24.42892074584961
27.279998779296875
27.11530876159668
27.977855682373047
15.622928619384766
19.46078109741211
16.985618591308594
21.083263397216797
15.452993392944336
15.708606719970703
22.266483306884766
22.308330535888672
24.518550872802734
26.44159698486328
18.380687713623047
27.094566345214844
27.0916748046875
39.048370361328125
23.097177505493164
15.900278091430664
15.574789047241211
15.804153442382812
23.582643508911133
83.99986267089844
38.61817169189453
22.093856811523438
28.25579261779785
34.810302734375
24.507226943969727
22.093856811523438
20.847373962402344
25.021930694580078
27.134241104125977
26.1619873046875
15.900278091430664
26.838138580322266
38.96648406982422
18.698318481445312
15.899181365966797
22.655654907226562
22.258174896240234
24.843801498413086
18.626876831054688
15.896139144897461
25.039199829101562
29.424942016601562
25.039199829101562
16.140657424926758
19.919586181640625
21.083263397216797
22.720243453979492
27.138458251953125
22.093856811523438
25.021930694580078
22.897245407104492
26.936199188232422
30.72869873046875
28.607297897338867
26.22817039489746
25.039199829101562
22.568500518798828
22.26335906982422
24.45293426513672
15.868160247802734
16.311452865600586
35.061248779296875
26.550649642944336
24.998401641845703
27.24657440185547
24.84454917907715
16.40097999572754
22.568500518798828
24.52452850341797
25.05356788635254
15.83218765258789
18.344057083129883
15.708606719970703
24.36494255065918
28.320302963256836
16.14768409729004
26.844167709350586
23.659412384033203
22.093856811523438
22.23992156982422
24.67538070678711
24.8239688873291
23.486431121826172
22.093856811523438
24.366500854492188
22.266483306884766
15.868911743164062
21.99762725830078
23.700809478759766
21.92038345336914
36.99042892456055
25.05356788635254
39.048370361328125
21.92038345336914
16.40097999572754
15.706315994262695
21.569316864013672
15.732519149780273
21.880538940429688
16.532087326049805
25.79138946533203
26.187206268310547
29.291894912719727
57.024906158447266
25.79031753540039
28.845247268676758
30.16112518310547
26.650405883789062
45.04555892944336
26.159271240234375
25.4644775390625
26.650405883789062
39.149078369140625
54.785118103027344
30.51660919189453
37.892662048339844
36.93510437011719
26.81191635131836
24.753555297851562
25.923873901367188
45.19380187988281
38.91410827636719
36.317222595214844
29.209257125854492
29.29421043395996
45.113040924072266
37.266082763671875
26.73541831970215
30.57988929748535
28.738603591918945
27.586177825927734
27.277841567993164
38.769744873046875
36.29161071777344
40.32682418823242
30.51660919189453
30.803756713867188
25.238628387451172
27.61626434326172
24.643264770507812
26.81191635131836
24.664039611816406
25.024791717529297
26.650405883789062
25.77007484436035
32.79338836669922
25.58641242980957
37.43659973144531
45.19380187988281
38.02851104736328
29.291894912719727
29.349323272705078
31.191883087158203
26.961116790771484
31.12470054626465
45.19380187988281
29.349323272705078
26.49853515625
25.59680938720703
32.116737365722656
28.741138458251953
25.601280212402344
29.396984100341797
25.77007484436035
30.685108184814453
36.317222595214844
26.650405883789062
25.77007484436035
26.340381622314453
31.46609878540039
29.35022735595703
25.65526008605957
29.209257125854492
45.52399444580078
36.927303314208984
