32.4688835144043
30.58916664123535
30.138643264770508
32.1492805480957
34.54731750488281
33.52375793457031
34.69496154785156
30.775413513183594
29.253562927246094
29.95441246032715
128.59042358398438
34.31814193725586
32.60951232910156
30.294572830200195
30.294572830200195
30.07651138305664
30.633129119873047
29.25617218017578
30.59761619567871
38.54655075073242
65.3028335571289
31.83310890197754
30.444494247436523
30.531972885131836
30.65833282470703
35.55657958984375
29.63445472717285
41.99908447265625
58.65901184082031
31.063249588012695
30.1303768157959
33.79750061035156
30.255535125732422
30.1242733001709
39.16569137573242
31.41590690612793
29.44400978088379
51.334510803222656
36.03163146972656
32.1492805480957
33.66373062133789
30.6260929107666
29.844079971313477
32.04109191894531
29.25276756286621
30.56580924987793
34.40747833251953
30.462766647338867
35.20425796508789
29.550926208496094
30.56143569946289
30.364364624023438
32.1492805480957
32.10712432861328
34.08027648925781
31.2718505859375
32.74710464477539
33.75874328613281
30.00738525390625
30.968704223632812
29.9302921295166
91.45372009277344
36.55892562866211
32.21202087402344
36.49216079711914
30.1303768157959
30.364316940307617
36.99566650390625
29.83643341064453
30.89826011657715
29.88601303100586
32.76655578613281
35.01392364501953
32.31629180908203
37.46270751953125
29.754783630371094
30.782987594604492
29.771018981933594
29.253562927246094
29.453405380249023
29.64240074157715
30.188512802124023
30.227252960205078
32.226219177246094
34.34086608886719
29.95290184020996
34.88325500488281
34.888343811035156
65.86001586914062
29.813655853271484
30.566219329833984
30.255535125732422
29.896923065185547
30.531972885131836
128.59042358398438
61.8956298828125
30.1303768157959
31.549121856689453
57.13968276977539
31.081499099731445
30.1303768157959
30.34461212158203
32.1492805480957
34.91119384765625
33.708641052246094
30.566219329833984
34.712982177734375
37.667999267578125
30.24029541015625
30.570079803466797
31.198596954345703
29.153602600097656
30.475751876831055
29.25617218017578
30.540767669677734
32.12823486328125
40.19894790649414
32.12823486328125
30.76267433166504
30.14893341064453
29.253562927246094
30.53028106689453
34.92273712158203
30.1303768157959
32.1492805480957
35.83671951293945
34.721805572509766
32.76828384399414
40.457462310791016
31.294391632080078
32.12823486328125
30.362823486328125
29.88601303100586
31.221965789794922
30.669910430908203
29.65308952331543
39.16569137573242
33.891719818115234
37.154876708984375
33.0296630859375
32.10712432861328
30.77264404296875
30.362823486328125
30.748577117919922
32.21202087402344
30.561891555786133
30.13031768798828
29.64240074157715
30.13506317138672
34.49625778198242
30.77083969116211
34.69380187988281
31.088321685791016
30.1303768157959
30.167423248291016
31.411109924316406
32.98427963256836
31.417713165283203
30.1303768157959
32.71853256225586
30.188512802124023
30.379444122314453
30.093708038330078
30.444494247436523
29.844079971313477
64.13262939453125
32.21202087402344
65.86001586914062
29.844079971313477
30.77264404296875
30.504592895507812
30.125202178955078
30.46390724182129
29.9302921295166
30.86486053466797
33.77898025512695
34.253807067871094
36.06140899658203
72.63059997558594
31.778287887573242
34.7081298828125
37.54497146606445
34.65110397338867
57.932376861572266
31.929834365844727
32.86627960205078
34.65110397338867
58.761749267578125
89.42228698730469
37.086341857910156
59.981632232666016
59.649864196777344
34.814292907714844
32.32078170776367
33.92091751098633
58.85202407836914
71.4234619140625
57.472312927246094
35.010467529296875
35.09495162963867
57.879051208496094
59.399085998535156
34.665828704833984
37.178199768066406
33.928401947021484
33.79891586303711
33.03221130371094
47.87712097167969
58.3083610534668
86.575439453125
37.086341857910156
37.614505767822266
33.052059173583984
33.84580993652344
32.335933685302734
34.814292907714844
32.22800827026367
32.80146026611328
34.65110397338867
33.00523376464844
42.502479553222656
33.60971450805664
94.70166015625
58.85202407836914
39.68770980834961
36.06140899658203
36.12619400024414
36.674652099609375
33.30363082885742
35.6295280456543
58.85202407836914
36.12619400024414
34.580169677734375
33.03092956542969
41.351585388183594
34.403236389160156
31.62469482421875
36.0848388671875
33.00523376464844
36.64666748046875
57.472312927246094
34.65110397338867
33.00523376464844
33.93769073486328
41.39198303222656
36.127532958984375
32.85108947753906
35.010467529296875
52.66390609741211
97.84440612792969
