16.97901153564453
3.957761764526367
3.487668991088867
16.727455139160156
18.36332130432129
19.34281349182129
18.647216796875
22.09271240234375
12.510795593261719
13.076416015625
53.07402801513672
17.890743255615234
29.903234481811523
13.973968505859375
13.973968505859375
3.512958526611328
3.875326156616211
8.039215087890625
3.8503971099853516
40.08412170410156
22.187545776367188
23.741222381591797
16.619548797607422
16.070331573486328
3.9122848510742188
19.224023818969727
3.9968795776367188
16.313472747802734
31.204021453857422
16.654285430908203
13.36598014831543
18.05828285217285
3.610828399658203
3.431398391723633
27.020641326904297
17.30959701538086
14.788312911987305
25.748971939086914
21.28168296813965
16.727455139160156
17.07685661315918
3.8991165161132812
13.260595321655273
15.42660903930664
12.534835815429688
3.7990589141845703
18.140331268310547
3.8251800537109375
62.12050247192383
4.546028137207031
3.798694610595703
8.795316696166992
16.727455139160156
16.675323486328125
18.290807723999023
9.912927627563477
17.20063018798828
25.146991729736328
11.48690414428711
16.759044647216797
13.163244247436523
9.792266845703125
26.517601013183594
16.696151733398438
32.245758056640625
13.36598014831543
11.343595504760742
19.88141441345215
7.20533561706543
4.410224914550781
12.534101486206055
16.603515625
19.241008758544922
19.176321029663086
20.709575653076172
3.7662734985351562
9.52277946472168
5.841339111328125
12.510795593261719
3.6786956787109375
4.0047454833984375
13.453739166259766
13.49618148803711
16.030061721801758
18.194461822509766
7.697206497192383
19.003463745117188
18.954833984375
25.615440368652344
17.61863136291504
3.8582611083984375
3.610828399658203
3.9012527465820312
16.070331573486328
53.07402801513672
23.50350570678711
13.36598014831543
28.75950050354004
18.275848388671875
17.39438247680664
13.36598014831543
12.214315414428711
16.727455139160156
19.059375762939453
17.876386642456055
3.8582611083984375
18.624788284301758
38.05592346191406
7.6903076171875
3.854766845703125
14.157955169677734
15.21023941040039
20.323659896850586
8.039215087890625
3.881448745727539
16.765819549560547
20.794620513916016
16.765819549560547
4.178348541259766
10.525524139404297
12.510795593261719
14.015520095825195
19.053050994873047
13.36598014831543
16.727455139160156
14.411561965942383
18.79904556274414
29.50137710571289
19.106327056884766
20.804826736450195
16.765819549560547
14.086044311523438
12.534101486206055
16.75438117980957
3.8757152557373047
4.7949981689453125
27.020641326904297
18.272998809814453
17.419431686401367
20.845726013183594
16.675323486328125
4.9380645751953125
14.086044311523438
18.355709075927734
16.696151733398438
3.812356948852539
7.4065093994140625
4.0047454833984375
19.273176193237305
20.865509033203125
4.1936492919921875
18.662582397460938
16.34774398803711
13.36598014831543
13.423145294189453
16.98895263671875
16.212833404541016
16.020448684692383
13.36598014831543
16.386972427368164
13.453739166259766
4.041561126708984
12.071422576904297
16.619548797607422
13.260595321655273
20.769744873046875
16.696151733398438
25.615440368652344
13.260595321655273
4.9380645751953125
3.723644256591797
13.775680541992188
3.739990234375
13.163244247436523
5.099308013916016
17.728374481201172
18.11484718322754
21.880796432495117
46.731319427490234
20.140817642211914
22.643245697021484
23.250070571899414
18.556224822998047
35.34465789794922
20.64975929260254
17.93625259399414
18.556224822998047
23.728954315185547
42.6016960144043
23.115476608276367
21.89422607421875
20.185232162475586
18.708675384521484
17.23427963256836
17.85295867919922
34.642234802246094
24.515281677246094
20.11248207092285
23.008865356445312
23.088863372802734
35.535037994384766
20.969266891479492
18.65863800048828
23.209543228149414
24.454275131225586
21.42782211303711
22.33620834350586
29.73592758178711
19.353519439697266
16.72332763671875
23.115476608276367
24.64249610900879
17.431432723999023
21.3629093170166
16.996437072753906
18.708675384521484
17.227863311767578
17.334705352783203
18.556224822998047
18.41726303100586
24.35049819946289
17.57014274597168
8.607894897460938
34.642234802246094
38.746620178222656
21.880796432495117
21.888347625732422
24.57333755493164
20.276569366455078
25.75872039794922
34.642234802246094
21.888347625732422
18.4090518951416
18.087553024291992
24.134437561035156
23.567928314208984
19.99774169921875
22.01040267944336
18.41726303100586
23.847869873046875
20.11248207092285
18.556224822998047
18.41726303100586
18.490646362304688
22.96319007873535
21.889108657836914
18.349552154541016
23.008865356445312
38.085670471191406
4.661338806152344
