32.997440338134766
32.035011291503906
31.57710838317871
32.648773193359375
35.043846130371094
34.23886489868164
35.181026458740234
31.24609375
29.842784881591797
30.503875732421875
133.02554321289062
34.81507873535156
32.903533935546875
30.836162567138672
30.836162567138672
31.513031005859375
32.08256530761719
30.334070205688477
32.0426139831543
38.56226348876953
68.63837432861328
32.167259216308594
30.958892822265625
31.039596557617188
32.09861755371094
36.31038284301758
31.008882522583008
43.597633361816406
61.32572937011719
31.537452697753906
30.679859161376953
34.325782775878906
31.695947647094727
31.5631103515625
39.62078094482422
31.924354553222656
30.014467239379883
53.21531677246094
36.86257553100586
32.648773193359375
34.18862533569336
32.076263427734375
30.39362907409668
32.583290100097656
29.842241287231445
32.011680603027344
34.907493591308594
31.898651123046875
34.762962341308594
30.833324432373047
32.006263732910156
31.475261688232422
32.648773193359375
32.62657928466797
34.54740905761719
32.3917121887207
33.2467041015625
34.2483024597168
31.10317039489746
31.438495635986328
30.487024307250977
96.64460754394531
36.98748016357422
32.71282958984375
36.779911041259766
30.679859161376953
31.28535270690918
37.67927169799805
31.010814666748047
32.34993362426758
30.86835479736328
33.60911560058594
35.48560333251953
32.8876953125
38.129859924316406
31.13370132446289
31.903173446655273
31.022605895996094
29.842784881591797
30.813655853271484
31.00648307800293
30.725147247314453
30.76259994506836
32.752811431884766
34.836448669433594
31.132614135742188
35.36153030395508
35.36613464355469
69.05628204345703
30.289714813232422
31.997385025024414
31.695947647094727
31.268522262573242
31.039596557617188
133.02554321289062
64.19540405273438
30.679859161376953
31.954072952270508
60.01240921020508
31.560216903686523
30.679859161376953
31.414169311523438
32.648773193359375
35.388153076171875
34.196834564208984
31.997385025024414
35.199989318847656
37.771480560302734
31.36846923828125
32.001644134521484
32.03242492675781
29.673891067504883
30.888259887695312
30.334070205688477
31.970354080200195
32.62689208984375
41.21184158325195
32.62689208984375
32.206642150878906
31.234983444213867
29.842784881591797
31.052526473999023
35.400028228759766
30.679859161376953
32.648773193359375
37.11045455932617
35.201107025146484
33.06166458129883
41.91720199584961
31.674575805664062
32.62689208984375
30.90114402770996
30.86835479736328
31.689544677734375
32.12105941772461
30.958860397338867
39.62078094482422
34.35757827758789
38.332271575927734
33.42548751831055
32.62657928466797
32.18048095703125
30.90114402770996
31.21736717224121
32.71282958984375
32.006202697753906
31.308717727661133
31.00648307800293
30.562326431274414
35.1678581237793
32.2156982421875
35.17937088012695
32.02906036376953
30.679859161376953
30.704824447631836
31.87236213684082
33.524452209472656
32.195762634277344
30.679859161376953
33.569053649902344
30.725147247314453
31.798322677612305
31.088438034057617
30.958892822265625
30.39362907409668
67.6738510131836
32.71282958984375
69.05628204345703
30.39362907409668
32.18048095703125
31.955238342285156
30.930465698242188
31.913013458251953
30.487024307250977
32.28025817871094
34.470088958740234
34.96883010864258
36.694400787353516
74.57772827148438
32.28647994995117
35.193729400634766
38.33414840698242
35.358150482177734
59.480186462402344
32.405426025390625
33.51979064941406
35.358150482177734
61.04270553588867
95.09298706054688
37.68294906616211
62.45849609375
62.127716064453125
35.52371597290039
32.97726821899414
34.61610794067383
60.38943099975586
75.38829040527344
59.843990325927734
35.50248336791992
35.5897216796875
59.418460845947266
61.85065460205078
35.36017990112305
37.77161407470703
34.32814407348633
34.33052444458008
33.52360534667969
48.67296600341797
60.70496368408203
91.51004028320312
37.68294906616211
38.282310485839844
33.74577331542969
34.384674072265625
33.008392333984375
35.52371597290039
32.88719177246094
33.4976806640625
35.358150482177734
33.6401252746582
43.52277755737305
34.312992095947266
101.69198608398438
60.38943099975586
39.882083892822266
36.694400787353516
36.7625617980957
37.24346160888672
33.843711853027344
36.06100845336914
60.38943099975586
36.7625617980957
35.3020133972168
33.69152069091797
42.334190368652344
34.941009521484375
32.136470794677734
36.7230224609375
33.6401252746582
37.27328109741211
59.843990325927734
35.358150482177734
33.6401252746582
34.59342956542969
42.431884765625
36.76396179199219
33.491355895996094
35.50248336791992
53.604000091552734
104.748779296875
