25.937694549560547
17.375185012817383
16.973926544189453
25.915485382080078
27.56385040283203
27.806446075439453
27.778352737426758
25.99398422241211
22.018714904785156
22.87841033935547
87.69630432128906
27.318923950195312
30.819446563720703
23.37161636352539
23.37161636352539
16.885940551757812
17.340190887451172
19.790693283081055
17.332332611083984
40.7080078125
42.227996826171875
28.05006980895996
24.46292495727539
24.36745834350586
17.382198333740234
29.158796310424805
17.042240142822266
28.850204467773438
45.69826126098633
25.001468658447266
23.017351150512695
26.841272354125977
17.024221420288086
16.85191535949707
35.66493606567383
25.388355255126953
22.893070220947266
38.40815353393555
28.72674560546875
25.915485382080078
26.52783203125
17.336708068847656
22.85735511779785
25.00459098815918
22.025737762451172
17.28689956665039
27.400588989257812
17.260665893554688
49.04522705078125
17.58175277709961
17.28934669494629
20.22248649597168
25.915485382080078
25.74149513244629
27.5588321685791
21.06349754333496
26.188167572021484
28.78338050842285
21.16010093688965
25.06317138671875
22.80345344543457
44.97277069091797
32.210601806640625
25.952129364013672
33.912471771240234
23.017351150512695
22.308712005615234
29.42876434326172
19.279891967773438
17.685083389282227
23.19120216369629
25.30447769165039
28.20806312561035
27.837488174438477
29.039104461669922
17.042530059814453
20.613597869873047
18.290687561035156
22.018714904785156
16.87441635131836
17.103925704956055
23.197952270507812
23.23921775817871
25.447303771972656
27.38888931274414
19.574459075927734
28.029285430908203
28.029170989990234
40.942596435546875
23.821731567382812
17.366744995117188
17.024221420288086
17.22456169128418
24.36745834350586
87.69630432128906
40.687252044677734
23.017351150512695
28.381378173828125
36.710731506347656
25.253398895263672
23.017351150512695
21.69124984741211
25.915485382080078
28.067279815673828
27.071311950683594
17.366744995117188
27.786479949951172
38.88334655761719
19.9437313079834
17.366012573242188
23.589637756347656
23.056249618530273
25.42389678955078
19.790693283081055
17.361892700195312
25.927297592163086
30.54514503479004
25.927297592163086
17.584165573120117
20.872650146484375
22.018714904785156
23.63585090637207
28.072895050048828
23.017351150512695
25.915485382080078
24.08688735961914
27.869857788085938
30.87590789794922
29.65811538696289
26.83568572998047
25.927297592163086
23.468955993652344
23.19120216369629
25.242752075195312
17.338735580444336
17.662864685058594
35.66493606567383
27.43939971923828
26.119300842285156
27.952939987182617
25.74149513244629
17.82732391357422
23.468955993652344
25.199176788330078
25.952129364013672
17.29346466064453
19.577810287475586
17.103925704956055
24.981407165527344
29.014328002929688
17.5904541015625
27.786968231201172
24.20248794555664
23.017351150512695
23.1721248626709
25.459192276000977
25.806480407714844
24.347976684570312
23.017351150512695
25.248672485351562
23.197952270507812
17.325092315673828
22.97466468811035
24.46292495727539
22.85735511779785
39.099891662597656
25.952129364013672
40.942596435546875
22.85735511779785
17.82732391357422
17.172853469848633
22.489959716796875
17.18674659729004
22.80345344543457
17.940349578857422
26.651458740234375
27.049720764160156
30.041610717773438
58.34260177612305
26.43394660949707
29.490764617919922
30.915830612182617
27.51256561279297
46.154903411865234
26.7956600189209
26.26629066467285
27.51256561279297
40.920616149902344
57.180084228515625
31.26290512084961
39.938697814941406
38.97022247314453
27.675151824951172
25.561710357666016
26.784351348876953
46.42845153808594
41.55747985839844
38.176605224609375
29.85059928894043
29.935535430908203
46.205482482910156
39.33104705810547
27.593502044677734
31.32850456237793
29.28799057006836
28.242801666259766
27.86189079284668
39.8318977355957
38.27806091308594
43.9788818359375
31.26290512084961
31.48772621154785
26.06916046142578
28.2777156829834
25.463871002197266
27.675151824951172
25.46795654296875
25.846435546875
27.51256561279297
26.559261322021484
33.72466278076172
26.444242477416992
41.988792419433594
46.42845153808594
38.160701751708984
30.041610717773438
30.100231170654297
31.816747665405273
27.675622940063477
31.64244270324707
46.42845153808594
30.100231170654297
27.36343002319336
26.39924430847168
32.99753952026367
29.309247970581055
26.245586395263672
30.134113311767578
26.559261322021484
31.341724395751953
38.176605224609375
27.51256561279297
26.559261322021484
27.1708984375
32.4100456237793
30.101171493530273
26.435070037841797
29.85059928894043
46.2984504699707
41.26400375366211
