22.356374740600586
11.749065399169922
11.290870666503906
22.277503967285156
23.742355346679688
25.365089416503906
23.991195678710938
24.30179214477539
18.286052703857422
19.06647491455078
73.51478576660156
23.45035743713379
30.394451141357422
19.738012313842773
19.738012313842773
11.272769927978516
11.661235809326172
15.135017395019531
11.652868270874023
40.88224792480469
33.41986846923828
26.333980560302734
21.439586639404297
21.22616958618164
11.667280197143555
26.072465896606445
11.617147445678711
23.747657775878906
40.32685089111328
21.811840057373047
19.303213119506836
23.14185905456543
11.389093399047852
11.1671142578125
33.031856536865234
22.19839096069336
19.717639923095703
33.172027587890625
25.60919952392578
22.277503967285156
22.621265411376953
11.66775894165039
19.08632469177246
21.151777267456055
18.301490783691406
11.603324890136719
23.5609130859375
11.605690002441406
54.67919921875
12.161436080932617
11.605314254760742
15.55194091796875
22.277503967285156
22.120094299316406
23.873750686645508
16.466894149780273
22.579345703125
26.81876564025879
17.717998504638672
21.900287628173828
19.090015411376953
29.392623901367188
29.894222259521484
22.290761947631836
32.898738861083984
19.303213119506836
18.15325927734375
25.27895164489746
14.453147888183594
12.075450897216797
19.166946411132812
21.74164581298828
24.48858642578125
24.59671974182129
25.182147979736328
11.50241470336914
16.02755355834961
13.157476425170898
18.286052703857422
11.346057891845703
11.65064811706543
19.432466506958008
19.476028442382812
21.688148498535156
23.58932876586914
14.792333602905273
24.284156799316406
24.26905059814453
34.29419708251953
21.05722999572754
11.665821075439453
11.389093399047852
11.67681884765625
21.22616958618164
73.51478576660156
32.949493408203125
19.303213119506836
28.293060302734375
29.149982452392578
22.282108306884766
19.303213119506836
18.27505874633789
22.277503967285156
24.32923126220703
23.379348754882812
11.665821075439453
23.98732566833496
38.88787078857422
14.974164962768555
11.663703918457031
19.78488540649414
19.877670288085938
23.26300621032715
15.135017395019531
11.668357849121094
22.31186866760254
26.220836639404297
22.31186866760254
11.955123901367188
17.060230255126953
18.286052703857422
19.934078216552734
24.329498291015625
19.303213119506836
22.277503967285156
19.76209259033203
24.11867332458496
30.300809860229492
25.31346321105957
24.384347915649414
22.31186866760254
19.84626579284668
19.166946411132812
22.049564361572266
11.639181137084961
12.35154914855957
33.031856536865234
23.798494338989258
22.157447814941406
25.06304931640625
22.120094299316406
12.323009490966797
19.84626579284668
22.540071487426758
22.290761947631836
11.612983703613281
14.689130783081055
11.65064811706543
22.598861694335938
26.20121192932129
11.964824676513672
24.006216049194336
21.895214080810547
19.303213119506836
19.404010772705078
22.289833068847656
21.87575912475586
20.900070190429688
19.303213119506836
21.63643455505371
19.432466506958008
11.687633514404297
18.781482696533203
21.439586639404297
19.08632469177246
30.90967559814453
22.290761947631836
34.29419708251953
19.08632469177246
12.323009490966797
11.490850448608398
18.80684471130371
11.533927917480469
19.090015411376953
12.486820220947266
23.164573669433594
23.55264663696289
26.91611099243164
53.155487060546875
23.8651123046875
26.871994018554688
27.823488235473633
24.01097869873047
41.751163482666016
24.260448455810547
23.011539459228516
24.01097869873047
33.69770812988281
49.545127868652344
28.13375473022461
32.30364990234375
31.166528701782227
24.167831420898438
22.30202865600586
23.29439926147461
41.505977630615234
33.179237365722656
30.681228637695312
27.236730575561523
27.31299591064453
41.8710823059082
31.481525421142578
24.104167938232422
28.195968627929688
27.193649291992188
25.603418350219727
25.60309600830078
35.564727783203125
30.378173828125
31.472942352294922
28.13375473022461
28.66223907470703
22.704750061035156
25.60979461669922
22.15637969970703
24.167831420898438
22.23431396484375
22.526607513427734
24.01097869873047
23.36403465270996
29.968582153320312
22.975139617919922
26.332923889160156
41.505977630615234
37.71080780029297
26.91611099243164
26.96181869506836
29.150806427001953
24.759143829345703
29.423728942871094
41.505977630615234
26.96181869506836
23.855022430419922
23.144620895385742
29.4538516998291
27.05318832397461
23.6865234375
27.04560089111328
23.36403465270996
28.566972732543945
30.681228637695312
24.01097869873047
23.36403465270996
23.78615951538086
28.632747650146484
26.962665557861328
23.269935607910156
27.236730575561523
42.93769454956055
24.799957275390625
