34.357078552246094
35.8563117980957
35.3843994140625
33.96250915527344
36.18190383911133
36.28173065185547
36.28893280029297
32.4591178894043
31.31589126586914
31.870141983032227
145.67019653320312
35.955806732177734
33.787872314453125
32.1849250793457
32.1849250793457
35.30177307128906
35.92150115966797
33.325408935546875
35.8714714050293
38.88535690307617
79.5101089477539
33.03170394897461
32.266361236572266
32.316070556640625
35.926761627197266
38.434967041015625
34.63566970825195
48.00644302368164
69.50370788574219
32.7335319519043
32.03514862060547
35.58102035522461
35.49908447265625
35.363929748535156
41.179542541503906
33.2297248840332
31.4608211517334
58.77372741699219
39.1016731262207
33.96250915527344
35.42024230957031
35.91352081298828
31.7674503326416
33.89986038208008
31.316349029541016
35.84123611450195
36.056427001953125
35.703548431396484
35.41762924194336
34.26500701904297
35.83356475830078
34.3431282043457
33.96250915527344
34.00128173828125
35.63816452026367
35.30891418457031
34.46110153198242
35.400238037109375
34.040340423583984
32.63226318359375
31.8616943359375
111.84858703613281
38.10903549194336
34.029605865478516
37.733306884765625
32.03514862060547
34.09443664550781
39.48087692260742
34.242767333984375
36.20268249511719
33.78812789916992
35.775047302246094
36.54799270629883
34.817596435546875
39.86167526245117
34.77818298339844
34.802833557128906
34.37558364868164
31.31589126586914
34.42300796508789
34.61216735839844
32.05414581298828
32.08776092529297
34.04309844970703
35.974063873291016
34.37749481201172
36.44387435913086
36.44691467285156
80.81127166748047
31.468534469604492
35.80050277709961
35.49908447265625
34.896888732910156
32.316070556640625
145.67019653320312
70.51368713378906
32.03514862060547
33.06122970581055
68.33812713623047
32.766292572021484
32.03514862060547
34.27672576904297
33.96250915527344
36.466400146484375
35.35201644897461
35.80050277709961
36.30916213989258
38.295841217041016
34.508907318115234
35.80598068237305
34.144161224365234
31.009851455688477
31.914583206176758
33.325408935546875
35.7683219909668
33.936431884765625
43.948490142822266
33.936431884765625
36.03443145751953
34.12908172607422
31.31589126586914
32.34364318847656
36.479034423828125
32.03514862060547
33.96250915527344
40.40141296386719
36.289161682128906
33.94388961791992
45.78532791137695
32.696712493896484
33.936431884765625
32.24080276489258
33.78812789916992
32.87168502807617
35.9681510925293
34.43804931640625
41.179542541503906
35.45090866088867
41.313072204589844
34.44709014892578
34.00128173828125
35.9370002746582
32.24080276489258
32.39192581176758
34.029605865478516
35.83249282836914
34.57603454589844
34.61216735839844
31.63080596923828
37.290260314941406
36.04515838623047
36.28668975830078
34.57033157348633
32.03514862060547
32.03581237792969
33.03507995605469
34.8134880065918
34.20454406738281
32.03514862060547
35.75232696533203
32.05414581298828
35.56531524658203
33.989402770996094
32.266361236572266
31.7674503326416
78.60826873779297
34.029605865478516
80.81127166748047
31.7674503326416
35.9370002746582
35.79077911376953
33.00472640991211
35.73964309692383
31.8616943359375
36.04737854003906
36.322669982910156
36.897926330566406
38.5096321105957
80.96287536621094
33.6386604309082
36.46774673461914
40.703956604003906
37.270286560058594
64.80065155029297
33.675140380859375
35.3171501159668
37.270286560058594
68.31285858154297
118.31661987304688
39.44485855102539
70.02059936523438
69.7650146484375
37.448524475097656
34.695858001708984
36.47980499267578
65.70001983642578
89.64320373535156
67.04804992675781
36.820499420166016
36.91513442993164
64.70345306396484
69.30258178710938
37.23593521118164
39.52712631225586
35.379364013671875
35.73744583129883
34.7711067199707
51.31373596191406
68.0855712890625
108.83606719970703
39.44485855102539
40.3157844543457
35.61329650878906
35.80491256713867
34.78023910522461
37.448524475097656
34.61063003540039
35.36650466918945
37.270286560058594
35.39153289794922
46.420963287353516
36.20344543457031
128.3058624267578
65.70001983642578
40.6131477355957
38.5096321105957
38.592628479003906
38.8577766418457
35.35097122192383
37.2231330871582
65.70001983642578
38.592628479003906
37.257537841796875
35.518226623535156
45.13410568237305
36.37385940551758
33.484474182128906
38.55777359008789
35.39153289794922
39.05707550048828
67.04804992675781
37.270286560058594
35.39153289794922
36.357627868652344
45.36328125
38.59425735473633
35.24899673461914
36.820499420166016
56.82832336425781
129.32083129882812
