-26.244354248046875
-38.53809356689453
14.881256103515625
-34.64222717285156
-32.6443977355957
-27.801498413085938
-0.3901329040527344
-27.026493072509766
-33.40557098388672
-48.67839813232422
-55.46579360961914
-32.28654479980469
-15.902576446533203
-59.24169921875
-26.244354248046875
-28.272449493408203
-28.570690155029297
-15.094520568847656
5.082004547119141
-36.16526412963867
-3.8116722106933594
-34.64901351928711
-32.78010559082031
-34.64222717285156
-31.553966522216797
-48.100746154785156
-38.240234375
-29.936870574951172
-32.25604248046875
-38.057769775390625
-37.429988861083984
-35.349979400634766
-31.64798355102539
-30.089431762695312
-37.429988861083984
-45.068641662597656
-16.086715698242188
-60.03248977661133
-34.64222717285156
201.90570068359375
-25.23236846923828
-57.379669189453125
-38.240234375
-59.18383026123047
-31.405738830566406
-3.7621421813964844
-59.25114059448242
-21.45575714111328
-33.24001693725586
-28.41156768798828
-59.50080871582031
-47.26844787597656
-34.28193664550781
-48.67839813232422
-31.992958068847656
-33.58170700073242
-32.63297653198242
-59.895992279052734
-35.36841583251953
-28.41156768798828
-35.726654052734375
-26.621322631835938
-38.240234375
-34.12617492675781
-39.403778076171875
-35.70447540283203
-1.77996826171875
-32.606502532958984
-58.16762924194336
-46.17433166503906
-57.02454376220703
-58.59136962890625
-39.517120361328125
-38.53809356689453
-42.298858642578125
-34.64222717285156
-17.031272888183594
-32.50704574584961
-36.934757232666016
-35.70447540283203
-35.4770622253418
-33.542545318603516
-59.25718688964844
-11.617454528808594
-43.01479721069336
-32.47795104980469
-58.586395263671875
-31.890056610107422
10.116439819335938
-38.9358024597168
-30.092540740966797
-58.16762924194336
-50.407470703125
-31.41135025024414
-38.53809356689453
-46.291969299316406
-28.570690155029297
-20.68572235107422
-38.9358024597168
3.5092544555664062
8.600563049316406
-5.7322998046875
-19.274452209472656
-33.462825775146484
-25.083908081054688
-19.138595581054688
-59.466766357421875
-46.291969299316406
-12.891853332519531
-29.33803939819336
23.826004028320312
-58.90522766113281
-19.896217346191406
-59.66981506347656
-34.64901351928711
-30.16718292236328
-34.64222717285156
-32.6443977355957
-37.99738311767578
-28.41156768798828
88.23978424072266
-32.01869583129883
-30.169036865234375
-33.460914611816406
-52.26500701904297
-30.065990447998047
-60.00755310058594
-33.70066452026367
-35.415245056152344
-33.24001693725586
-20.238746643066406
18.71056365966797
-4.020317077636719
-31.692279815673828
-38.53809356689453
-38.590362548828125
-28.541000366210938
-7.08502197265625
-26.463241577148438
-28.76244354248047
-31.12084197998047
-0.23984909057617188
-59.22663116455078
-46.83638000488281
-30.651466369628906
-38.240234375
-31.61008071899414
-14.735328674316406
-28.41156768798828
-30.651466369628906
-26.895111083984375
4.393459320068359
-28.570690155029297
-9.34588623046875
-42.30480194091797
-25.07552719116211
-12.120384216308594
-59.25114059448242
-32.28654479980469
-52.37014389038086
-34.64222717285156
-8.033805847167969
-59.25114059448242
-31.668941497802734
-41.1080322265625
-26.166927337646484
-19.274452209472656
-60.03248977661133
-26.729873657226562
-23.64697265625
-17.03105926513672
-34.07145690917969
-29.007919311523438
-2.83709716796875
-11.11563491821289
-59.97361755371094
-17.69888687133789
-37.97563934326172
-31.67550277709961
-57.6671142578125
-23.06533432006836
-25.152015686035156
-28.570690155029297
-59.990875244140625
44.011993408203125
-28.541000366210938
-27.36175537109375
-30.955276489257812
-30.059974670410156
-31.550731658935547
-35.70447540283203
32.999359130859375
-57.6671142578125
-4.792583465576172
-59.70947265625
-45.21255874633789
-60.03248977661133
-35.70447540283203
-10.83200454711914
-36.999481201171875
-15.099308013916016
-11.269340515136719
-38.240234375
-60.165748596191406
-2.9722518920898438
-14.30466079711914
-37.03544616699219
-22.551589965820312
-31.72036361694336
-59.012611389160156
-32.04261016845703
-52.51231384277344
-31.75684356689453
-34.64222717285156
-59.72662353515625
-29.45489501953125
-36.07561111450195
-35.44846725463867
-35.70447540283203
-57.57222366333008
-38.240234375
-43.658607482910156
29.921295166015625
-39.517120361328125
-18.799861907958984
36.87666320800781
-58.253684997558594
-31.635894775390625
-59.48799514770508
-43.1258544921875
-8.608055114746094
-32.35163879394531
8.631294250488281
-34.64901351928711
-32.56568145751953
-31.4871826171875
-28.41156768798828
-31.609699249267578
-35.02111053466797
-33.260223388671875
-57.35523223876953
-45.068641662597656
-28.541000366210938
-27.026493072509766
-34.12617492675781
-38.53809356689453
-31.670948028564453
-33.260223388671875
-35.4770622253418
-34.70004653930664
-27.47188949584961
-26.895111083984375
-34.64222717285156
-56.700599670410156
-59.24169921875
-44.238922119140625
-43.658607482910156
-2.821746826171875
-34.64222717285156
-32.258697509765625
-36.999481201171875
-34.77002716064453
-11.384021759033203
-3.9291152954101562
-36.94145965576172
-25.152015686035156
-36.999481201171875
-39.517120361328125
-12.456512451171875
-34.64222717285156
-21.42180633544922
-48.231048583984375
-9.510650634765625
-11.537765502929688
-27.263172149658203
-28.41156768798828
-43.733238220214844
-27.263172149658203
-59.40846633911133
-57.6671142578125
-32.68436050415039
-34.12617492675781
-27.263172149658203
1.3460235595703125
-31.85582733154297
-14.642784118652344
-35.77754592895508
-24.03134536743164
-14.953895568847656
-11.323467254638672
-35.49455261230469
-59.25114059448242
-34.64901351928711
-28.541000366210938
-32.6443977355957
-37.031715393066406
-33.41899871826172
-31.16250228881836
-30.27121353149414
-32.606502532958984
-59.82173538208008
-35.4770622253418
-37.82558059692383
-38.659217834472656
-43.383819580078125
-37.45486068725586
-33.41899871826172
-29.45489501953125
-60.03248977661133
-32.41468048095703
-58.90983200073242
-31.65416717529297
-45.21255874633789
-59.72662353515625
-29.98920440673828
-34.64222717285156
-38.240234375
-27.263172149658203
-60.144046783447266
-29.33803939819336
-30.955276489257812
-38.9358024597168
-31.987163543701172
-3.8106689453125
-31.840862274169922
-36.999481201171875
-28.570690155029297
-15.163948059082031
-3.7675819396972656
-20.176490783691406
-22.094223022460938
-36.28390884399414
-29.156078338623047
-6.511470794677734
-4.792583465576172
-38.240234375
