inf
-9.01107406616211
-7.971157073974609
inf
inf
inf
inf
inf
inf
inf
inf
inf
inf
inf
inf
inf
inf
2577.93505859375
inf
-36.061893463134766
854.9012451171875
inf
inf
inf
inf
inf
-23.798500061035156
inf
inf
-18.744773864746094
24.92015838623047
165.6271514892578
inf
332.91302490234375
24.92015838623047
inf
-31.65530014038086
inf
inf
inf
inf
inf
-23.798500061035156
inf
inf
855.2161254882812
inf
2457.147705078125
inf
inf
inf
inf
inf
inf
inf
426.99713134765625
inf
inf
167.39578247070312
inf
157.8797607421875
inf
-23.798500061035156
inf
-26.931304931640625
192.92971801757812
inf
inf
inf
inf
inf
inf
-25.447418212890625
-9.01107406616211
inf
inf
inf
inf
-21.44992446899414
192.92971801757812
158.4324951171875
inf
inf
inf
inf
95.27981567382812
inf
inf
2.2221527099609375
-25.637191772460938
550.0187377929688
inf
inf
inf
-9.01107406616211
inf
inf
inf
-25.637191772460938
inf
inf
inf
inf
122.28473663330078
354.27935791015625
-39.98854064941406
inf
inf
inf
inf
inf
inf
437.2024841308594
inf
inf
587.8551025390625
inf
inf
inf
inf
inf
inf
inf
inf
inf
inf
inf
-39.52820587158203
inf
inf
inf
inf
inf
inf
-9.01107406616211
-14.705169677734375
inf
inf
176.57237243652344
inf
inf
inf
inf
inf
inf
-23.798500061035156
inf
inf
inf
inf
inf
inf
inf
inf
inf
inf
inf
inf
inf
inf
inf
inf
inf
inf
inf
388.24932861328125
inf
inf
inf
inf
inf
inf
inf
47810.46875
242407.625
inf
inf
-20.298450469970703
inf
inf
inf
inf
inf
inf
1458.4940185546875
inf
349.1167297363281
inf
inf
156.73916625976562
192.92971801757812
1999.951904296875
inf
inf
inf
inf
inf
192.92971801757812
inf
inf
inf
inf
-23.798500061035156
inf
inf
390.8856201171875
-22.191905975341797
inf
inf
inf
inf
inf
inf
inf
inf
inf
-19.499160766601562
163.1480712890625
192.92971801757812
inf
-23.798500061035156
inf
inf
-25.447418212890625
inf
inf
inf
61.6260986328125
inf
inf
inf
inf
inf
inf
inf
inf
inf
inf
inf
inf
inf
inf
inf
inf
inf
-9.01107406616211
inf
inf
158.4324951171875
inf
inf
inf
inf
inf
inf
inf
inf
906.5149536132812
inf
inf
inf
147.43177795410156
inf
inf
-20.519195556640625
inf
inf
-25.447418212890625
inf
inf
2295.962890625
inf
inf
inf
4503.71875
inf
inf
4503.71875
inf
inf
inf
inf
4503.71875
912.0921630859375
1056.685791015625
inf
inf
inf
63.621917724609375
inf
50.855255126953125
inf
inf
inf
inf
52.81298828125
inf
inf
548.4835205078125
inf
inf
158.4324951171875
inf
-5.95550537109375
inf
-16.06214141845703
inf
inf
inf
inf
inf
inf
inf
inf
inf
inf
-23.798500061035156
4503.71875
inf
inf
inf
-25.637191772460938
inf
inf
inf
inf
inf
inf
inf
inf
inf
66.59686279296875
inf
inf
inf
-23.798500061035156
