26.507461547851562
26.60771369934082
30.028350830078125
39.12705993652344
23.89625358581543
23.1802978515625
62.014183044433594
25.89083480834961
24.86545181274414
23.1802978515625
30.86260223388672
29.11076545715332
31.488330841064453
29.21630859375
29.163314819335938
28.371652603149414
30.569135665893555
26.507461547851562
35.2156982421875
22.653764724731445
31.17146110534668
25.490589141845703
22.87287139892578
23.89625358581543
23.004886627197266
29.21630859375
23.001556396484375
32.78676223754883
33.99973678588867
27.377391815185547
23.267627716064453
28.656484603881836
28.57705307006836
28.892702102661133
36.72835922241211
30.953216552734375
23.513805389404297
23.575740814208984
28.61545753479004
32.07572937011719
30.739051818847656
27.727645874023438
54.867103576660156
22.671663284301758
29.156383514404297
26.507461547851562
25.867551803588867
28.098724365234375
49.465110778808594
24.074878692626953
25.570735931396484
28.291200637817383
26.293184280395508
31.205955505371094
23.267627716064453
23.1802978515625
30.733396530151367
26.293184280395508
26.172283172607422
23.251604080200195
31.74594497680664
26.92554473876953
105.19924926757812
28.61545753479004
26.40658187866211
48.29985809326172
26.507461547851562
25.80919647216797
23.267627716064453
26.990995407104492
31.663053512573242
27.953855514526367
30.778615951538086
50.246150970458984
105.19924926757812
32.00112533569336
29.372386932373047
28.781585693359375
31.487619400024414
75.22795104980469
30.932710647583008
28.943246841430664
30.77166175842285
29.358013153076172
33.698734283447266
28.735607147216797
39.4404182434082
28.630971908569336
31.435993194580078
30.05188751220703
37.164615631103516
79.01580810546875
30.932710647583008
34.11655807495117
36.212860107421875
28.61509132385254
29.409671783447266
30.77166175842285
51.644630432128906
32.894737243652344
29.212278366088867
34.48698806762695
30.328458786010742
30.932710647583008
30.932710647583008
37.188968658447266
32.06519317626953
29.0031681060791
34.0567512512207
32.469268798828125
51.644630432128906
29.515308380126953
34.05732345581055
30.77187728881836
33.698734283447266
32.24108123779297
29.104877471923828
29.107309341430664
31.933948516845703
29.493196487426758
28.58002471923828
30.932710647583008
46.49175262451172
96.04379272460938
28.864456176757812
454.3631591796875
29.852663040161133
30.260147094726562
29.515308380126953
29.515308380126953
29.425003051757812
32.06056594848633
77.49966430664062
47.64127731323242
29.350065231323242
45.9622802734375
29.916292190551758
28.60337257385254
34.48698806762695
32.894737243652344
32.323875427246094
30.77166175842285
34.54677200317383
30.533489227294922
34.05732345581055
29.557193756103516
29.222389221191406
85.84940338134766
39.488433837890625
51.644630432128906
30.05188751220703
30.77166175842285
31.49471664428711
51.634212493896484
30.743328094482422
29.105628967285156
39.532501220703125
28.58002471923828
29.222389221191406
32.83428192138672
39.93901824951172
29.808612823486328
29.425003051757812
28.824745178222656
29.358013153076172
33.05020523071289
28.981918334960938
29.515308380126953
30.535690307617188
35.17082595825195
31.49471664428711
78.5372314453125
32.19578170776367
31.49471664428711
32.323875427246094
48.930355072021484
30.932710647583008
30.05188751220703
31.480897903442383
29.967304229736328
28.483774185180664
1491.2025146484375
32.83472442626953
32.83428192138672
48.14589309692383
34.05732345581055
29.0031681060791
29.122020721435547
38.00374221801758
29.925188064575195
29.806743621826172
28.58002471923828
29.222389221191406
31.236024856567383
30.329679489135742
30.932710647583008
117.97853088378906
36.00169372558594
30.644210815429688
29.425003051757812
28.943246841430664
32.894737243652344
32.894737243652344
32.118194580078125
28.299461364746094
46.49920654296875
46.49920654296875
38.541954040527344
39.556400299072266
32.24108123779297
30.60182762145996
85.12787628173828
29.330900192260742
30.329679489135742
38.00374221801758
30.209169387817383
30.563114166259766
50.92227554321289
29.281784057617188
32.894737243652344
31.31920051574707
32.19993591308594
50.648372650146484
29.13652229309082
30.932710647583008
4391.2734375
51.644630432128906
33.17460632324219
30.644210815429688
29.515308380126953
32.44623947143555
29.41466522216797
31.241607666015625
30.329679489135742
33.3003044128418
78.5372314453125
30.329679489135742
29.281784057617188
1038.9676513671875
32.97760772705078
36.8895263671875
28.58002471923828
29.281784057617188
28.598804473876953
33.954254150390625
29.916292190551758
35.33183670043945
32.97760772705078
35.86016082763672
32.24108123779297
