31.175243377685547
33.01940155029297
34.47317123413086
47.97218704223633
31.911230087280273
33.38579559326172
78.97167205810547
32.81147003173828
32.27615737915039
33.38579559326172
36.29377746582031
33.6386604309082
35.698204040527344
33.18625259399414
33.12114334106445
32.29243087768555
34.608306884765625
31.175243377685547
37.082489013671875
32.46474838256836
35.412872314453125
33.338897705078125
33.093482971191406
31.911230087280273
32.50178146362305
33.18625259399414
32.46805953979492
38.133907318115234
40.062076568603516
31.14351463317871
33.364097595214844
34.43782424926758
33.0684814453125
33.36714553833008
35.679969787597656
35.21382522583008
33.73154830932617
33.17018508911133
32.36259460449219
38.5254020690918
36.0811767578125
32.0459098815918
62.520816802978516
32.30358123779297
33.09807586669922
31.175243377685547
30.269975662231445
31.99844741821289
42.48737716674805
32.52465057373047
29.996261596679688
32.376220703125
30.989683151245117
35.11549377441406
33.364097595214844
33.38579559326172
34.50319290161133
30.989683151245117
31.87291145324707
33.49666213989258
36.39085006713867
31.233760833740234
137.392578125
32.36259460449219
30.6447696685791
54.16149139404297
31.175243377685547
32.595794677734375
33.364097595214844
32.81050109863281
35.82826614379883
31.969240188598633
35.098907470703125
42.82564926147461
137.392578125
35.83277130126953
34.61786651611328
33.80850601196289
35.64089584350586
73.53416442871094
36.200531005859375
33.63392639160156
36.0308723449707
34.106197357177734
37.468505859375
33.75974655151367
40.390567779541016
33.638572692871094
34.63883590698242
35.27626419067383
40.67650604248047
79.64823913574219
36.200531005859375
38.362735748291016
41.61275100708008
33.67484664916992
34.09225845336914
36.0308723449707
62.028438568115234
37.39015579223633
34.17572021484375
37.82402801513672
35.241153717041016
36.200531005859375
36.200531005859375
44.45828628540039
35.73530197143555
34.058589935302734
37.809303283691406
36.16249465942383
62.028438568115234
34.2510986328125
37.80939865112305
34.83135223388672
37.468505859375
35.96688461303711
34.1640739440918
33.52238464355469
36.08407211303711
34.21471405029297
33.64011764526367
36.200531005859375
62.56914138793945
104.15435791015625
33.93284225463867
122.3736343383789
35.0733528137207
34.31084442138672
34.2510986328125
34.2510986328125
34.223228454589844
35.82056427001953
74.09532928466797
64.32818603515625
33.76511001586914
62.25087356567383
35.12626647949219
33.65968322753906
37.82402801513672
37.39015579223633
36.05799102783203
36.0308723449707
40.0717658996582
35.97199249267578
37.80939865112305
34.80363082885742
34.405757904052734
76.10209655761719
46.38337707519531
62.028438568115234
35.27626419067383
36.0308723449707
34.70372772216797
62.01627731323242
33.62386703491211
34.066585540771484
47.094207763671875
33.64011764526367
34.405757904052734
37.314598083496094
44.57535934448242
34.36119079589844
34.223228454589844
33.601165771484375
34.106197357177734
36.44267654418945
34.03883743286133
34.2510986328125
34.49640655517578
40.310768127441406
34.70372772216797
81.2075424194336
35.97059631347656
34.70372772216797
36.05799102783203
65.94184875488281
36.200531005859375
35.27626419067383
37.114410400390625
35.24498748779297
33.49431610107422
233.5493927001953
37.31541442871094
37.314598083496094
64.96092224121094
37.80939865112305
34.058589935302734
33.744319915771484
45.394996643066406
34.48929214477539
34.34968185424805
33.64011764526367
34.405757904052734
36.719730377197266
35.649871826171875
36.200531005859375
104.73524475097656
42.83858108520508
35.99127197265625
34.223228454589844
33.63392639160156
37.39015579223633
37.39015579223633
35.63499069213867
33.21220016479492
62.54572296142578
62.54572296142578
45.83384704589844
46.670894622802734
35.96688461303711
36.02851104736328
75.95365142822266
34.016380310058594
35.649871826171875
45.394996643066406
35.61647033691406
35.126495361328125
61.129154205322266
34.461524963378906
37.39015579223633
34.50971603393555
35.89968490600586
63.53926467895508
33.731109619140625
36.200531005859375
283.6668395996094
62.028438568115234
36.59691619873047
35.99127197265625
34.2510986328125
36.146034240722656
34.32932662963867
36.73300552368164
35.649871826171875
36.596561431884766
81.2075424194336
35.649871826171875
34.461524963378906
138.6477813720703
37.175148010253906
38.11014938354492
33.64011764526367
34.461524963378906
33.54201126098633
37.07624053955078
35.12626647949219
36.75666046142578
37.175148010253906
41.81475830078125
35.96688461303711
