24.788366317749023
24.905017852783203
28.28407096862793
37.326576232910156
21.545217514038086
20.247798919677734
59.334964752197266
23.935955047607422
22.8383846282959
20.247798919677734
29.21506118774414
27.355621337890625
29.766983032226562
27.668434143066406
27.622121810913086
26.93777084350586
28.94354248046875
24.788366317749023
34.5621337890625
19.860267639160156
29.445438385009766
23.304996490478516
19.94179916381836
21.545217514038086
20.335786819458008
27.668434143066406
20.248416900634766
31.019317626953125
31.92779541015625
26.05776023864746
20.337677001953125
27.061141967773438
26.862869262695312
27.165924072265625
37.0384635925293
29.216976165771484
20.610294342041016
20.83652114868164
27.264163970947266
29.943431854248047
28.984786987304688
26.151155471801758
58.2623291015625
19.897613525390625
27.623687744140625
24.788366317749023
24.323787689208984
26.698389053344727
52.765594482421875
21.456199645996094
24.02546501159668
26.88823699951172
24.576271057128906
29.611616134643555
20.337677001953125
20.247798919677734
29.219539642333984
24.576271057128906
24.534835815429688
20.30752182006836
30.275527954101562
25.396989822387695
96.17935180664062
27.264163970947266
24.942996978759766
48.518516540527344
24.788366317749023
23.990909576416016
20.337677001953125
25.355098724365234
29.953554153442383
26.502166748046875
29.105655670166016
53.69631576538086
96.17935180664062
30.800722122192383
27.812028884887695
27.275293350219727
30.191980361938477
80.62678527832031
29.322368621826172
27.52413558959961
29.162372589111328
27.924036026000977
32.63483810424805
27.210527420043945
39.15345764160156
27.109573364257812
30.544092178344727
28.433879852294922
35.93299865722656
82.68681335449219
29.322368621826172
32.770896911621094
34.87763595581055
27.091472625732422
27.99187660217285
29.162372589111328
49.00001907348633
31.540130615234375
27.719003677368164
33.535369873046875
28.88525390625
29.322368621826172
29.322368621826172
35.23361587524414
30.887004852294922
27.48243522644043
32.98529052734375
31.30208396911621
49.00001907348633
28.067501068115234
32.98597717285156
29.513643264770508
32.63483810424805
31.06093978881836
27.600330352783203
27.81832504272461
30.724945068359375
28.061172485351562
27.037715911865234
29.322368621826172
42.65113067626953
149.7796630859375
27.360992431640625
1470.487060546875
28.239933013916016
28.936603546142578
28.067501068115234
28.067501068115234
27.965946197509766
30.88145637512207
83.5981674194336
43.454261779785156
28.066041946411133
42.03391647338867
28.298927307128906
27.06441879272461
33.535369873046875
31.540130615234375
31.147268295288086
29.162372589111328
32.91435623168945
28.882831573486328
32.98597717285156
27.95061492919922
27.663799285888672
92.89039611816406
37.6774787902832
49.00001907348633
28.433879852294922
29.162372589111328
30.394920349121094
48.99592208862305
29.731475830078125
27.616878509521484
37.56522750854492
27.037715911865234
27.663799285888672
31.480220794677734
38.75748825073242
28.396751403808594
27.965946197509766
27.38600730895996
27.924036026000977
32.09367370605469
27.460948944091797
28.067501068115234
29.221498489379883
33.85601043701172
30.394920349121094
78.40779113769531
31.009912490844727
30.394920349121094
31.147268295288086
44.750205993652344
29.322368621826172
28.433879852294922
29.81586265563965
28.351791381835938
26.967288970947266
4268.509765625
31.480640411376953
31.480220794677734
43.990142822265625
32.98597717285156
27.48243522644043
27.724239349365234
36.0308952331543
28.512237548828125
28.408863067626953
27.037715911865234
27.663799285888672
29.58837127685547
28.703428268432617
29.322368621826172
129.7896270751953
34.26704025268555
29.02115249633789
27.965946197509766
27.52413558959961
31.540130615234375
31.540130615234375
30.948974609375
26.82164764404297
42.67088317871094
42.67088317871094
36.61048889160156
37.70186233520508
31.06093978881836
28.953414916992188
92.07547760009766
27.90892219543457
28.703428268432617
36.0308952331543
28.591197967529297
29.0676326751709
48.484458923339844
27.726856231689453
31.540130615234375
30.430652618408203
30.983842849731445
47.60615539550781
27.762046813964844
29.322368621826172
16476.228515625
49.00001907348633
32.1866455078125
29.02115249633789
28.067501068115234
31.277637481689453
27.93392562866211
29.593273162841797
28.703428268432617
32.35749816894531
78.40779113769531
28.703428268432617
27.726856231689453
3634.78857421875
31.792163848876953
36.53049850463867
27.037715911865234
27.726856231689453
27.09576416015625
33.01044464111328
28.298927307128906
34.962745666503906
31.792163848876953
34.2881965637207
31.06093978881836
