22.093856811523438
22.494251251220703
25.417055130004883
35.39002227783203
17.925048828125
15.824789047241211
59.16099548339844
20.97300910949707
19.919586181640625
15.824789047241211
26.753063201904297
24.465229034423828
26.954059600830078
25.05356788635254
25.021930694580078
24.67538070678711
26.259450912475586
22.093856811523438
33.59922790527344
15.668243408203125
26.627456665039062
19.916929244995117
15.525516510009766
17.925048828125
16.301429748535156
25.05356788635254
16.077930450439453
28.443618774414062
29.12363052368164
23.94461441040039
15.899181365966797
24.464580535888672
24.05075454711914
24.322628021240234
37.375877380371094
26.36981201171875
16.240053176879883
16.707721710205078
25.163928985595703
27.027870178222656
26.19324493408203
23.587644577026367
72.98170471191406
15.708606719970703
25.039199829101562
22.093856811523438
21.877405166625977
24.507226943969727
57.327980041503906
17.37885093688965
21.57286834716797
24.68081283569336
21.880538940429688
26.985607147216797
15.899181365966797
15.824789047241211
26.729568481445312
21.880538940429688
21.847270965576172
15.863794326782227
28.111778259277344
22.993635177612305
83.99986267089844
25.163928985595703
22.630046844482422
51.20777130126953
22.093856811523438
21.378171920776367
15.899181365966797
22.655654907226562
27.166114807128906
24.207637786865234
26.40311050415039
58.62604522705078
83.99986267089844
28.917404174804688
25.391733169555664
24.930971145629883
28.18787384033203
89.02882385253906
26.81191635131836
25.28575897216797
26.650405883789062
25.65526008605957
30.830453872680664
24.831745147705078
38.71786880493164
24.74289894104004
29.28432273864746
25.923873901367188
34.00788497924805
90.83132934570312
26.81191635131836
30.57988929748535
32.93062210083008
24.731006622314453
25.748903274536133
26.650405883789062
45.19380187988281
29.35022735595703
25.365726470947266
31.88302993774414
26.672996520996094
26.81191635131836
26.81191635131836
32.35834503173828
29.056072235107422
25.108795166015625
31.186656951904297
29.460617065429688
45.19380187988281
25.77007484436035
31.187496185302734
27.588497161865234
30.830453872680664
29.209257125854492
25.258480072021484
25.97417449951172
28.921489715576172
25.869966506958008
24.643264770507812
26.81191635131836
37.014461517333984
385.5135192871094
25.027915954589844
10668.4013671875
25.740577697753906
26.879928588867188
25.77007484436035
25.77007484436035
25.651948928833008
29.026138305664062
93.00301361083984
37.266082763671875
26.23201560974121
36.317222595214844
25.79138946533203
24.673442840576172
31.88302993774414
29.35022735595703
29.29421043395996
26.650405883789062
30.4418888092041
26.352842330932617
31.187496185302734
25.46233367919922
25.238628387451172
101.8091812133789
34.95677185058594
45.19380187988281
25.923873901367188
26.650405883789062
28.738603591918945
45.202598571777344
28.13258171081543
25.280323028564453
34.714881896972656
24.643264770507812
25.238628387451172
29.291454315185547
36.89325714111328
26.139484405517578
25.651948928833008
25.12499237060547
25.65526008605957
30.579486846923828
25.08679962158203
25.77007484436035
27.178035736083984
31.882230758666992
28.738603591918945
78.77613830566406
29.147403717041016
28.738603591918945
29.29421043395996
38.72675323486328
26.81191635131836
25.923873901367188
27.26183319091797
25.85858154296875
24.61261749267578
16082.708984375
29.291894912719727
29.291454315185547
37.892662048339844
31.187496185302734
25.108795166015625
25.52192497253418
33.12834930419922
26.251310348510742
26.178028106689453
24.643264770507812
25.238628387451172
27.04901123046875
26.187206268310547
26.81191635131836
153.91864013671875
31.7470703125
26.49853515625
25.651948928833008
25.28575897216797
29.35022735595703
29.35022735595703
29.149747848510742
24.536636352539062
37.05125427246094
37.05125427246094
33.74687194824219
34.94378662109375
29.209257125854492
26.447093963623047
100.9627456665039
25.65206527709961
26.187206268310547
33.12834930419922
26.082937240600586
26.727672576904297
45.04555892944336
25.3071231842041
29.35022735595703
29.178667068481445
29.039426803588867
42.7564697265625
25.607078552246094
26.81191635131836
88124.9921875
45.19380187988281
30.594547271728516
26.49853515625
25.77007484436035
29.434675216674805
25.59680938720703
27.053096771240234
26.187206268310547
30.853374481201172
78.77613830566406
26.187206268310547
25.3071231842041
15237.955078125
29.855762481689453
36.098297119140625
24.643264770507812
25.3071231842041
24.759849548339844
31.45140266418457
25.79138946533203
34.59048080444336
29.855762481689453
31.985057830810547
29.209257125854492
