23.911514282226562
24.077346801757812
27.344585418701172
36.552207946777344
20.346546173095703
18.768686294555664
58.69941711425781
22.955081939697266
21.844879150390625
18.768686294555664
28.380584716796875
26.40933609008789
28.8414363861084
26.825916290283203
26.784221649169922
26.208293914794922
28.06452178955078
23.911514282226562
34.22996520996094
18.46270751953125
28.51787567138672
22.195804595947266
18.466064453125
20.346546173095703
18.999908447265625
26.825916290283203
18.859806060791016
30.125
30.96207618713379
25.36698341369629
18.852638244628906
26.224590301513672
25.9437255859375
26.23699378967285
37.129127502441406
28.281269073486328
19.14985466003418
19.458724975585938
26.575666427612305
28.92688751220703
28.066938400268555
25.311330795288086
61.7161865234375
18.50128746032715
26.7904052734375
23.911514282226562
23.522991180419922
25.98042106628418
54.36748504638672
20.101696014404297
23.22600555419922
26.159692764282227
23.698596954345703
28.747482299804688
18.852638244628906
18.768686294555664
28.40047264099121
23.698596954345703
23.671688079833984
18.822002410888672
29.532455444335938
24.60822296142578
91.85626220703125
26.575666427612305
24.19133758544922
49.26129913330078
23.911514282226562
23.09708595275879
18.852638244628906
24.494857788085938
29.034286499023438
25.761009216308594
28.212743759155273
55.39467239379883
91.85626220703125
30.190908432006836
27.024883270263672
26.514232635498047
29.534454345703125
83.06910705566406
28.509775161743164
26.79894256591797
28.34832000732422
27.191144943237305
32.056270599365234
26.4389705657959
39.00386047363281
26.34270477294922
30.1181583404541
27.61812973022461
35.299842834472656
84.81822204589844
28.509775161743164
32.0589599609375
34.235225677490234
26.324913024902344
27.266265869140625
28.34832000732422
47.718379974365234
30.8317813873291
26.956623077392578
33.010562896728516
28.16019630432129
28.509775161743164
28.509775161743164
34.28815460205078
30.28927230834961
26.71273422241211
32.40966033935547
30.70573616027832
47.718379974365234
27.325437545776367
32.410400390625
28.88239097595215
32.056270599365234
30.462081909179688
26.839921951293945
27.196638107299805
30.12522315979004
27.343467712402344
26.2598819732666
28.509775161743164
40.77662658691406
196.1403350830078
26.602428436279297
2869.360107421875
27.428035736083984
28.262537002563477
27.325437545776367
27.325437545776367
27.218791961669922
30.280147552490234
86.36637878417969
41.38459777832031
27.44704818725586
40.12080383300781
27.48422622680664
26.288349151611328
33.010562896728516
30.8317813873291
30.546995162963867
28.34832000732422
32.096134185791016
28.058027267456055
32.410400390625
27.142181396484375
26.87638282775879
95.80818176269531
36.79386901855469
47.718379974365234
27.61812973022461
28.34832000732422
29.84294319152832
47.718238830566406
29.207515716552734
26.85921287536621
36.62892150878906
26.2598819732666
26.87638282775879
30.77163314819336
38.16246032714844
27.669017791748047
27.218791961669922
26.65384864807129
27.191144943237305
31.594379425048828
26.69100570678711
27.325437545776367
28.5513973236084
33.207740783691406
29.84294319152832
78.4504623413086
30.407615661621094
29.84294319152832
30.546995162963867
42.71099090576172
28.509775161743164
27.61812973022461
28.981090545654297
27.541061401367188
26.203022003173828
7076.0166015625
30.772052764892578
30.77163314819336
41.94316482543945
32.410400390625
26.71273422241211
27.011133193969727
35.07748031616211
27.783884048461914
27.689998626708984
26.2598819732666
26.87638282775879
28.760961532592773
27.88528060913086
28.509775161743164
136.9748077392578
33.4304084777832
28.20120620727539
27.218791961669922
26.79894256591797
30.8317813873291
30.8317813873291
30.350749969482422
26.077091217041016
40.80150604248047
40.80150604248047
35.673667907714844
36.8045768737793
30.462081909179688
28.134368896484375
94.96818542480469
27.179855346679688
27.88528060913086
35.07748031616211
27.775033950805664
28.31004524230957
47.320255279541016
26.941265106201172
30.8317813873291
30.009029388427734
30.34970474243164
46.03933334350586
27.063190460205078
28.509775161743164
31118.455078125
47.718379974365234
31.671293258666992
28.20120620727539
27.325437545776367
30.680789947509766
27.178518295288086
28.765365600585938
27.88528060913086
31.865060806274414
78.4504623413086
27.88528060913086
26.941265106201172
6461.64501953125
31.165069580078125
36.36058807373047
26.2598819732666
26.941265106201172
26.337717056274414
32.51313018798828
27.48422622680664
34.802772521972656
31.165069580078125
33.523956298828125
30.462081909179688
