16.40628433227539
16.98948097229004
19.74044418334961
32.79156494140625
10.706855773925781
7.656330108642578
66.3167724609375
15.79538345336914
13.893318176269531
7.656330108642578
22.786788940429688
18.696807861328125
21.356904983520508
19.517356872558594
19.524944305419922
19.79732322692871
20.624950408935547
16.40628433227539
32.5019416809082
7.744306564331055
20.997406005859375
13.178112030029297
7.372522354125977
10.706855773925781
8.574409484863281
19.517356872558594
8.146982192993164
24.72456169128418
24.914928436279297
19.567691802978516
7.697933197021484
19.00773811340332
18.306230545043945
18.501483917236328
37.867637634277344
20.618202209472656
8.211631774902344
8.954668045043945
20.759418487548828
22.608863830566406
19.820402145385742
18.49623680114746
137.20912170410156
7.7950286865234375
19.562847137451172
16.40628433227539
16.99097442626953
19.93706703186035
63.343116760253906
9.791555404663086
16.48874282836914
20.37676239013672
16.19789695739746
21.433460235595703
7.697933197021484
7.656330108642578
21.49518394470215
16.19789695739746
16.46970558166504
7.724327087402344
23.668800354003906
18.034259796142578
62.667808532714844
20.759418487548828
17.855449676513672
53.61378479003906
16.40628433227539
15.564323425292969
7.697933197021484
16.940540313720703
21.623592376708984
19.349353790283203
21.341663360595703
65.3196792602539
62.667808532714844
24.87523651123047
20.336021423339844
20.006141662597656
24.009788513183594
113.6446762084961
21.501537322998047
20.572500228881836
21.346311569213867
20.85902214050293
26.534141540527344
19.84894561767578
37.8951416015625
19.787736892700195
26.944072723388672
20.630340576171875
30.10481834411621
119.90969848632812
21.501537322998047
25.761852264404297
29.15911293029785
19.842571258544922
21.040931701660156
21.346311569213867
37.93889617919922
24.51278305053711
20.36770248413086
27.803131103515625
21.94951629638672
21.501537322998047
21.501537322998047
26.690460205078125
25.155967712402344
20.10554313659668
26.917634963989258
25.465290069580078
37.93889617919922
20.94424057006836
26.918691635131836
23.58140754699707
26.534141540527344
25.197322845458984
20.374755859375
22.48284149169922
25.261478424072266
21.489517211914062
19.64246368408203
21.501537322998047
25.980756759643555
1045.7763671875
20.159751892089844
33171.39453125
20.472339630126953
22.673377990722656
20.94424057006836
20.94424057006836
20.76123809814453
24.99050521850586
120.6796875
25.962799072265625
22.761146545410156
25.507661819458008
20.502779006958008
19.67624282836914
27.803131103515625
24.51278305053711
25.275047302246094
21.346311569213867
25.49831199645996
21.062620162963867
26.918691635131836
20.229066848754883
20.138301849365234
118.56643676757812
29.3765869140625
37.93889617919922
20.630340576171875
21.346311569213867
25.7982234954834
37.953521728515625
25.084697723388672
20.4060115814209
29.016130447387695
19.64246368408203
20.138301849365234
24.487276077270508
33.03779983520508
21.385459899902344
20.76123809814453
20.369522094726562
20.85902214050293
27.32392120361328
20.083980560302734
20.94424057006836
23.041292190551758
27.607898712158203
25.7982234954834
80.36112213134766
25.122711181640625
25.7982234954834
25.275047302246094
27.826595306396484
21.501537322998047
20.630340576171875
21.938350677490234
20.659805297851562
19.699138641357422
62217.6015625
24.487895965576172
24.487276077270508
26.859567642211914
26.918691635131836
20.10554313659668
20.908496856689453
27.34725570678711
21.453083038330078
21.44253921508789
19.64246368408203
20.138301849365234
21.719406127929688
20.893901824951172
21.501537322998047
239.100341796875
26.82063102722168
21.192771911621094
20.76123809814453
20.572500228881836
24.51278305053711
24.51278305053711
25.525436401367188
19.799442291259766
26.069358825683594
26.069358825683594
27.97884178161621
29.28472328186035
25.197322845458984
21.197378158569336
118.22040557861328
20.87543487548828
20.893901824951172
27.34725570678711
20.826255798339844
21.818161010742188
38.47651290893555
20.21379280090332
24.51278305053711
26.84780502319336
24.76467514038086
33.14427185058594
21.107135772705078
21.501537322998047
290687.21875
37.93889617919922
26.98602294921875
21.192771911621094
20.94424057006836
25.436321258544922
20.676372528076172
21.72296905517578
20.893901824951172
27.53842544555664
80.36112213134766
20.893901824951172
20.21379280090332
54821.7421875
25.42742156982422
35.74060821533203
19.64246368408203
20.21379280090332
19.88483428955078
27.73822021484375
20.502779006958008
35.139705657958984
25.42742156982422
27.568809509277344
25.197322845458984
