23.017351150512695
23.278905868530273
26.387386322021484
35.94149398803711
19.1480712890625
17.28689956665039
58.777130126953125
21.9636287689209
20.872650146484375
17.28689956665039
27.574119567871094
25.44391632080078
27.897689819335938
25.952129364013672
25.915485382080078
25.459192276000977
27.164012908935547
23.017351150512695
33.912471771240234
17.063087463378906
27.572860717773438
21.057519912719727
16.98764419555664
19.1480712890625
17.650985717773438
25.952129364013672
17.46892547607422
29.281841278076172
30.024639129638672
24.66397476196289
17.366012573242188
25.347763061523438
25.00459098815918
25.287445068359375
37.27112579345703
27.32640266418457
17.685083389282227
18.07415008544922
25.879718780517578
27.967025756835938
27.149038314819336
24.454586029052734
66.4135971069336
17.103925704956055
25.927297592163086
23.017351150512695
22.706701278686523
25.253398895263672
55.77822494506836
18.75311279296875
22.410194396972656
25.425865173339844
22.80345344543457
27.86663818359375
17.366012573242188
17.28689956665039
27.56438636779785
22.80345344543457
22.772613525390625
17.333532333374023
28.83949851989746
23.810226440429688
87.69630432128906
25.879718780517578
23.424091339111328
50.0387077331543
23.017351150512695
22.23088836669922
17.366012573242188
23.589637756347656
28.099300384521484
25.001468658447266
27.30950164794922
56.93669509887695
87.69630432128906
29.568885803222656
26.219247817993164
25.733882904052734
28.871143341064453
85.77500915527344
27.675151824951172
26.053020477294922
27.51256561279297
26.435070037841797
31.456483840942383
25.646360397338867
38.873802185058594
25.55377197265625
29.705322265625
26.784351348876953
34.65534973144531
87.60811614990234
27.675151824951172
31.32850456237793
33.594207763671875
25.53803825378418
26.518796920776367
27.51256561279297
46.42845153808594
30.101171493530273
26.174327850341797
32.462432861328125
27.42794418334961
27.675151824951172
27.675151824951172
33.333709716796875
29.68596839904785
25.92233657836914
31.812456130981445
30.098604202270508
46.42845153808594
26.559261322021484
31.81324577331543
28.24506950378418
31.456483840942383
29.85059928894043
26.059213638305664
26.58483123779297
29.526901245117188
26.616775512695312
25.463871002197266
27.675151824951172
38.866310119628906
275.7152404785156
25.825448989868164
5632.5859375
26.597576141357422
27.578548431396484
26.559261322021484
26.559261322021484
26.447399139404297
29.66804313659668
89.38746643066406
39.33104705810547
26.838855743408203
38.176605224609375
26.651458740234375
25.49265480041504
32.462432861328125
30.101171493530273
29.935535430908203
27.51256561279297
31.27277374267578
27.21799087524414
31.81324577331543
26.31482696533203
26.06916046142578
98.60857391357422
35.89282989501953
46.42845153808594
26.784351348876953
27.51256561279297
29.28799057006836
46.43305969238281
28.66893196105957
26.080718994140625
35.69057846069336
25.463871002197266
26.06916046142578
30.041181564331055
37.552940368652344
26.91625213623047
26.447399139404297
25.901260375976562
26.435070037841797
31.09305191040039
25.900489807128906
26.559261322021484
27.871225357055664
32.55696105957031
29.28799057006836
78.49832916259766
29.793319702148438
29.28799057006836
29.935535430908203
40.738582611083984
27.675151824951172
26.784351348876953
28.133790969848633
26.71161651611328
25.418964385986328
10981.060546875
30.041610717773438
30.041181564331055
39.938697814941406
31.81324577331543
25.92233657836914
26.276620864868164
34.120521545410156
27.030261993408203
26.94631576538086
25.463871002197266
26.06916046142578
27.918895721435547
27.049720764160156
27.675151824951172
144.71681213378906
32.58914566040039
27.36343002319336
26.447399139404297
26.053020477294922
30.101171493530273
30.101171493530273
29.757333755493164
25.316837310791016
38.89598846435547
38.89598846435547
34.730072021484375
35.89400100708008
29.85059928894043
27.303081512451172
97.7659912109375
26.428363800048828
27.049720764160156
34.120521545410156
26.942033767700195
27.5306339263916
46.154903411865234
26.135883331298828
30.101171493530273
29.600032806396484
29.707656860351562
44.36133575439453
26.344715118408203
27.675151824951172
51585.9609375
46.42845153808594
31.144084930419922
27.36343002319336
26.559261322021484
30.073047637939453
26.39924430847168
27.923141479492188
27.049720764160156
31.365032196044922
78.49832916259766
27.049720764160156
26.135883331298828
10611.181640625
30.520042419433594
36.228790283203125
25.463871002197266
26.135883331298828
25.5593318939209
31.99691390991211
26.651458740234375
34.68495559692383
30.520042419433594
32.761566162109375
29.85059928894043
