30.679859161376953
32.08867645263672
34.001319885253906
46.60417938232422
30.78852081298828
32.011680603027344
76.10087585449219
31.887916564941406
31.234983444213867
32.011680603027344
35.62834548950195
33.1485595703125
35.279903411865234
32.71282958984375
32.648773193359375
31.87236213684082
34.18665313720703
30.679859161376953
36.779911041259766
31.14643096923828
34.98738098144531
32.289127349853516
31.722013473510742
30.78852081298828
31.237672805786133
32.71282958984375
31.186195373535156
37.502262115478516
39.1501350402832
30.70074462890625
32.001644134521484
33.64598083496094
32.583290100097656
32.88759231567383
35.41575622558594
34.783809661865234
32.34993362426758
31.88627052307129
31.948631286621094
37.695003509521484
35.32308578491211
31.529224395751953
60.408390045166016
31.00648307800293
32.62689208984375
30.679859161376953
29.75182342529297
31.560216903686523
42.656951904296875
31.359174728393555
29.494670867919922
31.894819259643555
30.487024307250977
34.71937942504883
32.001644134521484
32.011680603027344
34.10599899291992
30.487024307250977
31.13296127319336
32.116615295410156
35.69197082519531
30.74490737915039
133.02554321289062
31.948631286621094
30.15369987487793
52.57184982299805
30.679859161376953
31.617372512817383
32.001644134521484
32.03242492675781
35.41718673706055
31.537452697753906
34.6412353515625
43.05289840698242
133.02554321289062
35.35080337524414
33.94142532348633
33.171630859375
35.12363815307617
71.95181274414062
35.52371597290039
33.033477783203125
35.358150482177734
33.491355895996094
36.89689254760742
33.13020706176758
40.25797653198242
33.012020111083984
34.21894454956055
34.61610794067383
40.23533630371094
78.6072006225586
35.52371597290039
37.77161407470703
40.787391662597656
33.03878402709961
33.485469818115234
35.358150482177734
60.38943099975586
36.76396179199219
33.53807830810547
37.30233383178711
34.58327865600586
35.52371597290039
35.52371597290039
43.438560485839844
35.28620529174805
33.416316986083984
37.24852752685547
35.69985580444336
60.38943099975586
33.6401252746582
37.248695373535156
34.33113479614258
36.89689254760742
35.50248336791992
33.51587677001953
32.977867126464844
35.5293083190918
33.61684799194336
33.008392333984375
35.52371597290039
60.170589447021484
98.45571899414062
33.2849006652832
118.8598403930664
34.41374969482422
33.82382583618164
33.6401252746582
33.6401252746582
33.60365676879883
35.350341796875
72.63236236572266
61.85065460205078
33.217098236083984
59.843990325927734
34.470088958740234
33.029075622558594
37.30233383178711
36.76396179199219
35.5897216796875
35.358150482177734
39.32541275024414
35.269927978515625
37.248695373535156
34.14003372192383
33.74577331542969
75.28083801269531
45.39510726928711
60.38943099975586
34.61610794067383
35.358150482177734
34.32814407348633
60.377681732177734
33.27690505981445
33.42829132080078
46.007381439208984
33.008392333984375
33.74577331542969
36.69364547729492
43.8311653137207
33.773590087890625
33.60365676879883
32.99053955078125
33.491355895996094
35.972206115722656
33.3962516784668
33.6401252746582
34.023460388183594
39.547637939453125
34.32814407348633
80.45707702636719
35.496246337890625
34.32814407348633
35.5897216796875
63.38664245605469
35.52371597290039
34.61610794067383
36.36985778808594
34.575679779052734
32.86576843261719
250.692626953125
36.694400787353516
36.69364547729492
62.45849609375
37.248695373535156
33.416316986083984
33.15055847167969
44.356346130371094
33.89841842651367
33.75996398925781
33.008392333984375
33.74577331542969
35.99988555908203
34.96883010864258
35.52371597290039
104.28668212890625
41.88279724121094
35.3020133972168
33.60365676879883
33.033477783203125
36.76396179199219
36.76396179199219
35.23175811767578
32.59553909301758
60.14812088012695
60.14812088012695
44.80052185058594
45.65093231201172
35.50248336791992
35.329158782958984
75.07383728027344
33.40725326538086
34.96883010864258
44.356346130371094
34.914527893066406
34.58192825317383
59.480186462402344
33.80083084106445
36.76396179199219
34.094730377197266
35.46180725097656
61.36707305908203
33.14006042480469
35.52371597290039
326.1986999511719
60.38943099975586
36.114654541015625
35.3020133972168
33.6401252746582
35.682437896728516
33.69152069091797
36.01206970214844
34.96883010864258
36.141998291015625
80.45707702636719
34.96883010864258
33.80083084106445
134.0055694580078
36.564151763916016
37.96490478515625
33.008392333984375
33.80083084106445
32.924495697021484
36.6279411315918
34.470088958740234
36.57805633544922
36.564151763916016
40.95154571533203
35.50248336791992
