19.303213119506836
20.020902633666992
22.514759063720703
34.06662368774414
14.313156127929688
11.603324890136719
62.081974029541016
18.207603454589844
17.060230255126953
11.603324890136719
24.566038131713867
21.533340454101562
24.11581039428711
22.290761947631836
22.277503967285156
22.289833068847656
23.466175079345703
19.303213119506836
32.898738861083984
11.606330871582031
23.77826690673828
16.49681282043457
11.308040618896484
14.313156127929688
12.34719467163086
22.290761947631836
12.017654418945312
26.357263565063477
26.83708381652832
21.793140411376953
11.663703918457031
21.73837661743164
21.151777267456055
21.38562774658203
37.771461486816406
23.475055694580078
12.075450897216797
12.730916976928711
23.03073501586914
24.69135093688965
23.233484268188477
21.006938934326172
99.86139678955078
11.65064811706543
22.31186866760254
19.303213119506836
19.417348861694336
22.282108306884766
60.40224838256836
13.466451644897461
19.045211791992188
22.509525299072266
19.090015411376953
24.252899169921875
11.663703918457031
11.603324890136719
24.143142700195312
19.090015411376953
19.069223403930664
11.639835357666016
26.05158042907715
20.559131622314453
73.51478576660156
23.03073501586914
20.252140045166016
52.75723648071289
19.303213119506836
18.703678131103516
11.663703918457031
19.78488540649414
24.36064910888672
21.811840057373047
23.757450103759766
62.16688537597656
73.51478576660156
26.919418334960938
22.873268127441406
22.485260009765625
26.112857818603516
100.51646423339844
24.167831420898438
22.943267822265625
24.01097869873047
23.269935607910156
28.77809715270996
22.355499267578125
38.15730285644531
22.279829025268555
28.07403564453125
23.29439926147461
32.01422882080078
102.97622680664062
24.167831420898438
28.195968627929688
30.96340560913086
22.29617691040039
23.404870986938477
24.01097869873047
41.505977630615234
26.962665557861328
22.881357192993164
29.953920364379883
24.34890365600586
24.167831420898438
24.167831420898438
29.460289001464844
27.134159088134766
22.624862670898438
29.143611907958984
27.49241828918457
41.505977630615234
23.36403465270996
29.14456558227539
25.605941772460938
28.77809715270996
27.236730575561523
22.82696533203125
24.20985984802246
27.06308937072754
23.645275115966797
22.15637969970703
24.167831420898438
31.352144241333008
741.17431640625
22.606143951416016
34614.15625
23.123342514038086
24.780807495117188
23.36403465270996
23.36403465270996
23.217700958251953
27.044710159301758
105.71195983886719
31.481525421142578
24.47814178466797
30.681228637695312
23.164573669433594
22.18902587890625
29.953920364379883
26.962665557861328
27.31299591064453
24.01097869873047
27.95345687866211
23.72050666809082
29.14456558227539
22.863361358642578
22.704750061035156
110.42567443847656
32.10159683227539
41.505977630615234
23.29439926147461
24.01097869873047
27.193649291992188
41.52305603027344
26.546743392944336
22.851104736328125
31.786100387573242
22.15637969970703
22.704750061035156
26.915569305419922
34.891090393066406
23.768041610717773
23.217700958251953
22.75979232788086
23.269935607910156
28.97406578063965
22.602920532226562
23.36403465270996
25.105712890625
29.748823165893555
27.193649291992188
79.64861297607422
27.161605834960938
27.193649291992188
27.31299591064453
33.27527618408203
24.167831420898438
23.29439926147461
24.602773666381836
23.269527435302734
22.168846130371094
33739.65234375
26.91611099243164
26.915569305419922
32.30364990234375
29.14456558227539
22.624862670898438
23.226848602294922
30.165069580078125
23.860267639160156
23.82103729248047
22.15637969970703
22.704750061035156
24.39200210571289
23.55264663696289
24.167831420898438
189.90025329589844
29.255403518676758
23.855022430419922
23.217700958251953
22.943267822265625
26.962665557861328
26.962665557861328
27.33159065246582
22.176570892333984
31.409156799316406
31.409156799316406
30.794967651367188
32.04848861694336
27.236730575561523
23.83905792236328
109.83797454833984
23.275081634521484
23.55264663696289
30.165069580078125
23.463760375976562
24.274932861328125
41.751163482666016
22.776561737060547
26.962665557861328
27.97525405883789
26.949569702148438
37.639427185058594
23.365127563476562
24.167831420898438
193316.25
41.505977630615234
28.820518493652344
23.855022430419922
23.36403465270996
27.464752197265625
23.144620895385742
24.395965576171875
23.55264663696289
29.22728729248047
79.64861297607422
23.55264663696289
22.776561737060547
29109.810546875
27.716455459594727
35.72848129272461
22.15637969970703
22.776561737060547
22.336708068847656
29.65604019165039
23.164573669433594
34.47998046875
27.716455459594727
29.696125030517578
27.236730575561523
