30.1303768157959
31.122732162475586
33.469058990478516
45.2176399230957
29.642316818237305
30.56580924987793
73.37458801269531
30.905540466308594
30.14893341064453
30.56580924987793
34.89875030517578
32.60128402709961
34.79668426513672
32.21202087402344
32.1492805480957
31.411109924316406
33.70953369140625
30.1303768157959
36.49216079711914
29.758798599243164
34.49784851074219
31.173755645751953
30.276700973510742
29.642316818237305
29.901966094970703
32.21202087402344
29.843549728393555
36.817779541015625
38.20499038696289
30.22174644470215
30.570079803466797
32.80391311645508
32.04109191894531
32.34988784790039
35.29288864135742
34.29094696044922
30.89826011657715
30.531246185302734
31.495365142822266
36.80228805541992
34.55314636230469
30.977008819580078
58.492835998535156
29.64240074157715
32.12823486328125
30.1303768157959
29.19432830810547
31.081499099731445
43.056976318359375
30.163801193237305
28.94647979736328
31.375465393066406
29.9302921295166
34.266075134277344
30.570079803466797
30.56580924987793
33.6583366394043
29.9302921295166
30.33870506286621
30.66484832763672
35.01026153564453
30.212230682373047
128.59042358398438
31.495365142822266
29.62407684326172
51.08364486694336
30.1303768157959
30.597522735595703
30.570079803466797
31.198596954345703
34.940982818603516
31.063249588012695
34.12306594848633
43.51454162597656
128.59042358398438
34.842254638671875
33.233402252197266
32.497196197509766
34.577003479003906
70.8577880859375
34.814292907714844
32.404510498046875
34.65110397338867
32.85108947753906
36.31975555419922
32.4620361328125
40.14134216308594
32.34796905517578
33.77803039550781
33.92091751098633
39.79486083984375
77.82573699951172
34.814292907714844
37.178199768066406
39.97491455078125
32.36365509033203
32.856346130371094
34.65110397338867
58.85202407836914
36.127532958984375
32.8699951171875
36.780216217041016
33.90339660644531
34.814292907714844
34.814292907714844
42.40074157714844
34.806339263916016
32.740047454833984
36.679080963134766
35.2111930847168
58.85202407836914
33.00523376464844
36.67930221557617
33.80001449584961
36.31975555419922
35.010467529296875
32.834922790527344
32.3897819519043
34.96428298950195
32.985321044921875
32.335933685302734
34.814292907714844
57.82452392578125
93.57389068603516
32.602394104003906
119.54571533203125
33.71952438354492
33.3049201965332
33.00523376464844
33.00523376464844
32.96095275878906
34.85238265991211
71.71778869628906
59.399085998535156
32.62949752807617
57.472312927246094
33.77898025512695
32.3566780090332
36.780216217041016
36.127532958984375
35.09495162963867
34.65110397338867
38.570716857910156
34.5349235534668
36.67930221557617
33.44089126586914
33.052059173583984
75.23067474365234
44.3984489440918
58.85202407836914
33.92091751098633
34.65110397338867
33.928401947021484
58.839630126953125
32.91322326660156
32.761634826660156
44.913177490234375
32.335933685302734
33.052059173583984
36.06072235107422
43.11748504638672
33.163536071777344
32.96095275878906
32.34962463378906
32.85108947753906
35.471275329589844
32.719749450683594
33.00523376464844
33.520992279052734
38.79388427734375
33.928401947021484
79.92794036865234
34.995323181152344
33.928401947021484
35.09495162963867
60.8693962097168
34.814292907714844
33.92091751098633
35.59910202026367
33.87005615234375
32.19908905029297
281.0517578125
36.06140899658203
36.06072235107422
59.981632232666016
36.67930221557617
32.740047454833984
32.52898406982422
43.30046463012695
33.28712844848633
33.151214599609375
32.335933685302734
33.052059173583984
35.253089904785156
34.253807067871094
34.814292907714844
104.74193572998047
40.903465270996094
34.580169677734375
32.96095275878906
32.404510498046875
36.127532958984375
36.127532958984375
34.79169464111328
31.938106536865234
57.80440902709961
57.80440902709961
43.754112243652344
44.62074661254883
35.010467529296875
34.59508514404297
74.94539642333984
32.774681091308594
34.253807067871094
43.30046463012695
34.18069839477539
33.998348236083984
57.932376861572266
33.10681915283203
36.127532958984375
33.657249450683594
34.9875373840332
59.38210678100586
32.51978302001953
34.814292907714844
404.08349609375
58.85202407836914
35.61212921142578
34.580169677734375
33.00523376464844
35.19272232055664
33.03092956542969
35.2640266418457
34.253807067871094
35.66092300415039
79.92794036865234
34.253807067871094
33.10681915283203
135.67059326171875
35.942909240722656
37.816558837890625
32.335933685302734
33.10681915283203
32.26789474487305
36.163272857666016
33.77898025512695
36.38998031616211
35.942909240722656
40.0963134765625
35.010467529296875
