11.365638732910156
11.390727996826172
15.28521728515625
29.481884002685547
4.76188850402832
1.32806396484375
76.87229919433594
12.53268814086914
8.330053329467773
1.32806396484375
20.385889053344727
14.078636169433594
17.109939575195312
14.902851104736328
14.954109191894531
15.053396224975586
16.067188262939453
11.365638732910156
31.38481903076172
1.4662704467773438
16.688440322875977
7.961313247680664
1.0434226989746094
4.76188850402832
2.4493255615234375
14.902851104736328
1.8844966888427734
22.488000869750977
21.740158081054688
15.670053482055664
1.380828857421875
14.93275260925293
13.619508743286133
13.75379753112793
36.98332214355469
16.138181686401367
1.9775447845458984
2.9062042236328125
16.488086700439453
19.351558685302734
13.962047576904297
14.339916229248047
263.494140625
1.5600433349609375
14.985923767089844
11.365638732910156
12.902633666992188
15.594512939453125
62.039588928222656
3.8895397186279297
12.312440872192383
16.986440658569336
11.179872512817383
16.947734832763672
1.380828857421875
1.32806396484375
17.267047882080078
11.179872512817383
12.737970352172852
1.4428291320800781
18.912975311279297
13.526308059692383
48.58583068847656
16.488086700439453
13.565582275390625
52.349609375
11.365638732910156
9.902484893798828
1.380828857421875
12.479974746704102
17.438283920288086
14.802005767822266
17.6749267578125
64.7484359741211
48.58583068847656
21.214385986328125
15.951866149902344
15.724246978759766
20.375383377075195
153.577392578125
16.981124877929688
16.451669692993164
16.823345184326172
16.64232063293457
22.5642032623291
15.535280227661133
38.49709701538086
15.499589920043945
25.00426483154297
16.09406852722168
27.243854522705078
165.87460327148438
16.981124877929688
21.53980255126953
26.69161033630371
15.604555130004883
16.919082641601562
16.823345184326172
31.99099349975586
20.252416610717773
16.141372680664062
24.000858306884766
17.82120704650879
16.981124877929688
16.981124877929688
22.18445587158203
21.645530700683594
15.75798225402832
23.04348373413086
21.836700439453125
31.99099349975586
16.717607498168945
23.044692993164062
20.01568031311035
22.5642032623291
21.548778533935547
16.132875442504883
19.62160301208496
22.423742294311523
18.159439086914062
15.30621337890625
16.981124877929688
17.4151611328125
1138.0537109375
15.919723510742188
64408.4296875
15.959039688110352
18.9995059967041
16.717607498168945
16.717607498168945
16.465585708618164
21.30640411376953
166.39935302734375
17.845630645751953
19.92204475402832
17.124679565429688
15.96853256225586
15.342245101928711
24.000858306884766
20.252416610717773
21.63091278076172
16.823345184326172
21.402881622314453
16.5552978515625
23.044692993164062
15.730939865112305
15.719783782958984
141.07273864746094
25.125722885131836
31.99099349975586
16.09406852722168
16.823345184326172
23.42315673828125
31.99462127685547
22.699304580688477
16.160444259643555
24.855445861816406
15.30621337890625
15.719783782958984
20.256458282470703
30.551284790039062
17.21179962158203
16.465585708618164
16.211732864379883
16.64232063293457
24.80277442932129
15.73647689819336
16.717607498168945
19.44875717163086
24.31458854675293
23.42315673828125
84.05070495605469
21.47142791748047
23.42315673828125
21.63091278076172
20.23888397216797
16.981124877929688
16.09406852722168
17.457504272460938
16.186294555664062
15.444547653198242
131045.53125
20.257295608520508
20.256458282470703
18.899837493896484
23.044692993164062
15.75798225402832
16.88140106201172
22.930858612060547
17.21993637084961
17.260831832885742
15.30621337890625
15.719783782958984
17.231569290161133
16.371906280517578
16.981124877929688
371.2443542480469
22.909902572631836
16.67681884765625
16.465585708618164
16.451669692993164
20.252416610717773
20.252416610717773
22.50711441040039
15.702871322631836
17.54387664794922
17.54387664794922
23.608755111694336
25.081035614013672
21.548778533935547
16.750205993652344
141.2147674560547
16.65827751159668
16.371906280517578
22.930858612060547
16.34002113342285
17.81563949584961
32.73147201538086
15.802021026611328
20.252416610717773
24.872901916503906
20.90074920654297
26.81671142578125
17.202322006225586
16.981124877929688
468247.125
31.99099349975586
24.336727142333984
16.67681884765625
16.717607498168945
21.805681228637695
16.36631965637207
17.23486328125
16.371906280517578
24.88233184814453
84.05070495605469
16.371906280517578
15.802021026611328
62313.69140625
21.434490203857422
37.104164123535156
15.30621337890625
15.802021026611328
15.668960571289062
24.71453285217285
15.96853256225586
39.51616668701172
21.434490203857422
24.570531845092773
21.548778533935547
