29.523700714111328
30.157800674438477
32.87845993041992
43.85622024536133
28.501291275024414
29.08283042907715
70.70501708984375
29.898773193359375
29.05112075805664
29.08283042907715
34.11851119995117
31.997817993164062
34.246604919433594
31.683460235595703
31.622480392456055
30.903356552124023
33.17559051513672
29.523700714111328
36.22136306762695
28.334941864013672
33.94205856323242
30.020862579345703
28.791797637939453
28.501291275024414
28.523900985717773
31.683460235595703
28.473278045654297
36.074851989746094
37.323516845703125
29.711082458496094
29.103025436401367
31.93606185913086
31.440940856933594
31.753616333007812
35.35964584350586
33.7341423034668
29.411582946777344
29.137676239013672
31.002151489257812
35.88780975341797
33.79895782470703
30.391918182373047
56.929222106933594
28.2452392578125
31.603364944458008
29.523700714111328
28.602188110351562
30.564464569091797
43.75697326660156
28.96889877319336
28.352882385253906
30.819599151611328
29.317468643188477
33.75335693359375
29.103025436401367
29.08283042907715
33.15717315673828
29.317468643188477
29.508880615234375
29.17618179321289
34.361541748046875
29.637718200683594
124.01860809326172
31.002151489257812
29.0573673248291
49.854148864746094
29.523700714111328
29.5743465423584
29.103025436401367
30.333316802978516
34.39692687988281
30.54159927368164
33.5450553894043
44.277896881103516
124.01860809326172
34.31020736694336
32.49953842163086
31.792259216308594
34.003196716308594
70.36436462402344
34.07942581176758
31.749279022216797
33.91800308227539
32.18632888793945
35.76117706298828
31.760766983032227
40.016944885253906
31.64822006225586
33.32242965698242
33.19778060913086
39.33791732788086
77.26615142822266
34.07942581176758
36.58793258666992
39.18387985229492
31.654752731323242
32.20124435424805
33.91800308227539
57.37691116333008
35.490089416503906
32.173805236816406
36.28068542480469
33.21208953857422
34.07942581176758
34.07942581176758
41.358001708984375
34.298553466796875
32.034210205078125
36.12581253051758
34.69950485229492
57.37691116333008
32.34360122680664
36.12610626220703
33.23974609375
35.76117706298828
34.49376678466797
32.12640380859375
31.7691707611084
34.38789367675781
32.32532501220703
31.6304931640625
34.07942581176758
55.486671447753906
89.46393585205078
31.88956642150879
127.38333129882812
32.995399475097656
32.75163269042969
32.34360122680664
32.34360122680664
32.29092788696289
34.331085205078125
71.44449615478516
56.94908905029297
32.00743103027344
55.104393005371094
33.057498931884766
31.65068817138672
36.28068542480469
35.490089416503906
34.577335357666016
33.91800308227539
37.8035774230957
33.77786636352539
36.12610626220703
32.710731506347656
32.32756423950195
75.99119567871094
43.40760040283203
57.37691116333008
33.19778060913086
33.91800308227539
33.49680709838867
57.36283493041992
32.52580261230469
32.06638717651367
43.82856750488281
31.6304931640625
32.32756423950195
35.4256477355957
42.43973159790039
32.530853271484375
32.29092788696289
31.68063735961914
32.18632888793945
34.97277069091797
32.013771057128906
32.34360122680664
32.983856201171875
38.05419158935547
33.49680709838867
79.55885314941406
34.471622467041016
33.49680709838867
34.577335357666016
58.366943359375
34.07942581176758
33.19778060913086
34.80730438232422
33.13623046875
31.49733543395996
333.67828369140625
35.426265716552734
35.4256477355957
57.502105712890625
36.12610626220703
32.034210205078125
31.883752822875977
42.24271774291992
32.651676177978516
32.517208099365234
31.6304931640625
32.32756423950195
34.486045837402344
33.512733459472656
34.07942581176758
105.93572235107422
39.91316223144531
33.83420944213867
32.29092788696289
31.749279022216797
35.490089416503906
35.490089416503906
34.31250762939453
31.2496395111084
55.47025680541992
55.47025680541992
42.708396911621094
43.59626007080078
34.49376678466797
33.83916473388672
75.61639404296875
32.11962890625
33.512733459472656
42.24271774291992
33.42341232299805
33.37904357910156
56.458133697509766
32.38316345214844
35.490089416503906
33.20361328125
34.4794807434082
57.509681701660156
31.874643325805664
34.07942581176758
546.9791870117188
57.37691116333008
35.1124267578125
33.83420944213867
32.34360122680664
34.68008041381836
32.3466911315918
34.49591827392578
33.512733459472656
35.17729568481445
79.55885314941406
33.512733459472656
32.38316345214844
150.3077850341797
35.330162048339844
37.650569915771484
31.6304931640625
32.38316345214844
31.579204559326172
35.70774459838867
33.057498931884766
36.186363220214844
35.330162048339844
39.24873733520508
34.49376678466797
