28.120086669921875
28.33294105529785
31.555051803588867
41.34093475341797
26.224018096923828
26.110939025878906
65.8652114868164
27.88246726989746
26.91753578186035
26.110939025878906
32.52986145019531
30.651790618896484
32.981101989746094
30.538278579711914
30.4810791015625
29.729516983032227
31.97088623046875
28.120086669921875
35.73657989501953
25.47631072998047
32.66905212402344
27.721115112304688
25.8117618560791
26.224018096923828
25.741270065307617
30.538278579711914
25.735010147094727
34.51605987548828
35.760250091552734
28.599720001220703
26.16814422607422
30.248153686523438
30.101709365844727
30.418766021728516
35.99369812011719
32.45728302001953
26.436368942260742
26.334510803222656
29.880481719970703
34.07896423339844
32.32614517211914
29.133277893066406
54.87464141845703
25.447303771972656
30.467008590698242
28.120086669921875
27.305479049682617
29.402957916259766
46.084285736083984
26.575660705566406
27.033262252807617
29.61117935180664
27.90676498413086
32.58404541015625
26.16814422607422
26.110939025878906
32.03279113769531
27.90676498413086
27.82573890686035
26.193912506103516
33.11848449707031
28.35618019104004
114.55839538574219
29.880481719970703
27.80270767211914
48.45378875732422
28.120086669921875
27.63439178466797
26.16814422607422
28.62625503540039
33.1439208984375
29.33655548095703
32.25654983520508
46.744319915771484
114.55839538574219
33.18735885620117
30.960777282714844
30.309606552124023
32.77872085571289
71.15460968017578
32.544349670410156
30.367918014526367
32.38452911376953
30.79039764404297
34.697933197021484
30.275869369506836
39.73866653442383
30.167205810546875
32.383750915527344
31.668115615844727
38.30722427368164
77.20635986328125
32.544349670410156
35.36138153076172
37.658512115478516
30.15993309020996
30.82345199584961
32.38452911376953
54.450496673583984
34.18854522705078
30.71515655517578
35.35356903076172
31.782867431640625
32.544349670410156
32.544349670410156
39.27035140991211
33.21910095214844
30.543378829956055
35.067806243896484
33.61793899536133
54.450496673583984
30.95126724243164
35.06824493408203
32.03813171386719
34.697933197021484
33.401153564453125
30.635759353637695
30.459726333618164
33.17292404174805
30.93360710144043
30.1365966796875
32.544349670410156
50.79530715942383
85.28672790527344
30.39583969116211
194.2362823486328
31.465961456298828
31.549320220947266
30.95126724243164
30.95126724243164
30.87957191467285
33.22959899902344
72.75450897216797
52.13533020019531
30.698734283447266
50.34773254394531
31.531015396118164
30.157928466796875
35.35356903076172
34.18854522705078
33.483734130859375
32.38452911376953
36.194236755371094
32.19477462768555
35.06824493408203
31.17166519165039
30.801738739013672
79.36083984375
41.442787170410156
54.450496673583984
31.668115615844727
32.38452911376953
32.5382080078125
54.438255310058594
31.67249870300293
30.605361938476562
41.67384338378906
30.1365966796875
30.801738739013672
34.126914978027344
41.1630973815918
31.1939697265625
30.87957191467285
30.27214813232422
30.79039764404297
33.99369812011719
30.522146224975586
30.95126724243164
31.80687141418457
36.587371826171875
32.5382080078125
78.93968200683594
33.36655044555664
32.5382080078125
33.483734130859375
53.46818542480469
32.544349670410156
31.668115615844727
33.17057800292969
31.592344284057617
30.0164737701416
592.113525390625
34.127418518066406
34.126914978027344
52.65105438232422
35.06824493408203
30.543378829956055
30.5239315032959
40.12358093261719
31.311908721923828
31.1833438873291
30.1365966796875
30.801738739013672
32.893409729003906
31.961423873901367
32.544349670410156
110.16840362548828
37.92517852783203
32.27711868286133
30.87957191467285
30.367918014526367
34.18854522705078
34.18854522705078
33.26012420654297
29.799882888793945
50.78879928588867
50.78879928588867
40.62450408935547
41.569786071777344
33.401153564453125
32.2601432800293
78.80211639404297
30.743223190307617
31.961423873901367
40.12358093261719
31.847225189208984
32.03331756591797
53.59132766723633
30.859115600585938
34.18854522705078
32.267822265625
33.38154602050781
53.84280014038086
30.52156639099121
32.544349670410156
1316.0130615234375
54.450496673583984
34.13150405883789
32.27711868286133
30.95126724243164
33.59663391113281
30.90074348449707
32.90079116821289
31.961423873901367
34.22252655029297
78.93968200683594
31.961423873901367
30.859115600585938
290.9724426269531
34.12944412231445
37.27595520019531
30.1365966796875
30.859115600585938
30.118724822998047
34.82502365112305
31.531015396118164
35.759307861328125
34.12944412231445
37.53668212890625
33.401153564453125
