15.399572372436523
15.917192459106445
18.83377456665039
32.144020080566406
9.470479965209961
6.372688293457031
67.90269470214844
15.04509162902832
12.808551788330078
6.372688293457031
22.216110229492188
17.75705337524414
20.504194259643555
18.596296310424805
18.612110137939453
18.922889709472656
19.72365379333496
15.399572372436523
32.368309020996094
6.475914001464844
20.13251495361328
12.098287582397461
6.0834197998046875
9.470479965209961
7.319576263427734
18.596296310424805
6.889251708984375
24.207233428955078
24.275299072265625
18.802404403686523
6.423740386962891
18.151630401611328
17.36138153076172
17.5446834564209
37.997371673583984
19.721633911132812
6.931270599365234
7.723480224609375
19.948184967041016
21.89447021484375
18.69104766845703
17.64916229248047
156.14300537109375
6.543493270874023
18.648698806762695
15.399572372436523
16.174036026000977
19.10833168029785
63.449684143066406
8.627571105957031
15.626213073730469
19.689096450805664
15.193964004516602
20.555442810058594
6.423740386962891
6.372688293457031
20.661895751953125
15.193964004516602
15.64240837097168
6.447307586669922
22.999982833862305
17.157363891601562
59.131011962890625
19.948184967041016
17.045129776000977
53.71546936035156
15.399572372436523
14.449045181274414
6.423740386962891
16.000476837158203
20.784809112548828
18.501741409301758
20.578088760375977
65.67449951171875
59.131011962890625
24.163816452026367
19.466835021972656
19.160139083862305
23.288166046142578
120.71056365966797
20.593902587890625
19.770051956176758
20.438785552978516
20.041282653808594
25.77886962890625
18.987398147583008
37.97560501098633
18.930984497070312
26.571687698364258
19.72239112854004
29.584745407104492
127.99688720703125
20.593902587890625
24.954269409179688
28.63564682006836
19.001510620117188
20.239137649536133
20.438785552978516
36.76860809326172
23.68783187866211
19.524261474609375
27.07727813720703
21.134008407592773
20.593902587890625
20.593902587890625
25.729429244995117
24.464582443237305
19.243831634521484
26.171857833862305
24.763530731201172
36.76860809326172
20.121570587158203
26.17295265197754
22.879663467407227
25.77886962890625
24.489774703979492
19.53571319580078
21.91661834716797
24.708820343017578
20.783966064453125
18.7802677154541
20.593902587890625
24.238277435302734
995.467529296875
19.3244571685791
44491.75
19.568180084228516
21.938003540039062
20.121570587158203
20.121570587158203
19.925098419189453
24.278377532958984
128.66151428222656
24.207624435424805
22.200925827026367
23.794219970703125
19.594520568847656
18.814769744873047
27.07727813720703
23.68783187866211
24.569141387939453
20.438785552978516
24.698850631713867
20.159900665283203
26.17295265197754
19.32907485961914
19.259496688842773
123.42916870117188
28.45625877380371
36.76860809326172
19.72239112854004
20.438785552978516
25.329715728759766
36.78252029418945
24.59614372253418
19.571592330932617
28.107969284057617
18.7802677154541
19.259496688842773
23.66858673095703
32.53742599487305
20.5781192779541
19.925098419189453
19.557645797729492
20.041282653808594
26.819414138793945
19.222646713256836
20.121570587158203
22.32054328918457
26.970382690429688
25.329715728759766
80.64346313476562
24.415782928466797
25.329715728759766
24.569141387939453
26.17863655090332
20.593902587890625
19.72239112854004
21.042377471923828
19.76368522644043
18.85043716430664
72195.453125
23.669235229492188
23.66858673095703
25.142589569091797
26.17295265197754
19.243831634521484
20.12552261352539
26.415002822875977
20.637174606323242
20.637805938720703
18.7802677154541
19.259496688842773
20.821102142333984
19.98814582824707
20.593902587890625
260.13287353515625
26.059783935546875
20.287012100219727
19.925098419189453
19.770051956176758
23.68783187866211
23.68783187866211
24.928302764892578
18.983165740966797
24.33504295349121
24.33504295349121
27.051156997680664
28.362926483154297
24.489774703979492
20.30666732788086
123.18840789794922
20.05703353881836
19.98814582824707
26.415002822875977
19.92719078063965
20.985565185546875
37.36833572387695
19.336416244506836
23.68783187866211
26.474964141845703
24.019916534423828
31.855093002319336
20.346515655517578
20.593902587890625
304571.5625
36.76860809326172
26.416828155517578
20.287012100219727
20.121570587158203
24.734004974365234
19.833749771118164
20.824750900268555
19.98814582824707
27.016334533691406
80.64346313476562
19.98814582824707
19.336416244506836
53282.76953125
24.660680770874023
35.92146301269531
18.7802677154541
19.336416244506836
19.047527313232422
27.118728637695312
19.594520568847656
35.68275451660156
24.660680770874023
26.956241607666016
24.489774703979492
