20.254539489746094
20.895116806030273
23.480594635009766
34.443946838378906
15.523660659790039
12.973352432250977
60.928802490234375
19.094341278076172
18.036090850830078
12.973352432250977
25.26546859741211
22.511272430419922
25.05413246154785
23.220951080322266
23.201711654663086
23.089786529541016
24.401681900024414
20.254539489746094
33.15463638305664
12.947090148925781
24.72064208984375
17.61689567565918
12.682754516601562
15.523660659790039
13.648567199707031
23.220951080322266
13.361841201782227
27.03304100036621
27.616622924804688
22.511978149414062
13.039060592651367
22.63572883605957
22.12731170654297
22.375045776367188
37.60295104980469
24.43661117553711
13.42269515991211
14.024438858032227
23.773693084716797
25.483613967895508
24.23621940612793
21.861326217651367
87.94921875
12.990894317626953
23.23090362548828
20.254539489746094
20.237255096435547
23.044775009155273
59.93113708496094
14.747766494750977
19.888290405273438
23.217777252197266
20.037412643432617
25.16712188720703
13.039060592651367
12.973352432250977
25.009981155395508
20.037412643432617
19.993408203125
13.007022857666016
26.675630569458008
21.379230499267578
76.19764709472656
23.773693084716797
21.039031982421875
52.43782043457031
20.254539489746094
19.645692825317383
13.039060592651367
20.743026733398438
25.288124084472656
22.610668182373047
24.62567138671875
61.500221252441406
76.19764709472656
27.609966278076172
23.71212387084961
23.29905128479004
26.812816619873047
96.71847534179688
25.06477165222168
23.72490692138672
24.905672073364258
24.070655822753906
29.483572006225586
23.18008804321289
38.468505859375
23.09942626953125
28.48175811767578
24.184120178222656
32.689849853515625
99.24061584472656
25.06477165222168
29.040027618408203
31.613483428955078
23.102497100830078
24.190093994140625
24.905672073364258
42.63081359863281
27.794401168823242
23.71695899963379
30.620254516601562
25.131160736083984
25.06477165222168
25.06477165222168
30.43485450744629
27.802762985229492
23.453079223632812
29.84716796875
28.181137084960938
42.63081359863281
24.174179077148438
29.84808349609375
26.263996124267578
29.483572006225586
27.92306137084961
23.63499641418457
24.783761978149414
27.695823669433594
24.37920379638672
22.984256744384766
25.06477165222168
33.19986343383789
564.5077514648438
23.410011291503906
21865.755859375
24.007244110107422
25.483577728271484
24.174179077148438
24.174179077148438
24.03734588623047
27.729557037353516
101.51335144042969
33.39519500732422
25.049217224121094
32.4984130859375
24.05328369140625
23.016307830810547
30.620254516601562
27.794401168823242
28.003822326660156
24.905672073364258
28.775012969970703
24.60651397705078
29.84808349609375
23.737220764160156
23.55133819580078
108.73600769042969
33.07874298095703
42.63081359863281
24.184120178222656
24.905672073364258
27.717370986938477
42.64640808105469
27.103853225708008
23.661151885986328
32.777278900146484
22.984256744384766
23.55133819580078
27.740917205810547
35.591339111328125
24.57151985168457
24.03734588623047
23.547029495239258
24.070655822753906
29.520999908447266
23.43106460571289
24.174179077148438
25.802234649658203
30.470966339111328
27.717370986938477
79.12786102294922
27.85089683532715
27.717370986938477
28.003822326660156
35.07664489746094
25.06477165222168
24.184120178222656
25.49773406982422
24.139713287353516
22.980958938598633
30431.880859375
27.741416931152344
27.740917205810547
34.16121292114258
29.84808349609375
23.453079223632812
23.991777420043945
31.168163299560547
24.67216682434082
24.619251251220703
22.984256744384766
23.55133819580078
25.290416717529297
24.44284439086914
25.06477165222168
175.55941772460938
30.055498123168945
24.749935150146484
24.03734588623047
23.72490692138672
27.794401168823242
27.794401168823242
27.942312240600586
22.959598541259766
33.25002670288086
33.25002670288086
31.800121307373047
33.03502655029297
27.92306137084961
24.71841812133789
107.9846420288086
24.076847076416016
24.44284439086914
31.168163299560547
24.34410858154297
25.1085205078125
42.75136184692383
23.62232208251953
27.794401168823242
28.380102157592773
27.669784545898438
39.475250244140625
24.10848045349121
25.06477165222168
152389.8125
42.63081359863281
29.43573760986328
24.749935150146484
24.174179077148438
28.153663635253906
23.967384338378906
25.294288635253906
24.44284439086914
29.78854751586914
79.12786102294922
24.44284439086914
23.62232208251953
30580.384765625
28.44808578491211
35.92979049682617
22.984256744384766
23.62232208251953
23.141145706176758
30.28716278076172
24.05328369140625
34.526275634765625
28.44808578491211
30.418865203857422
27.92306137084961
