33.06053924560547
36.56101608276367
36.078887939453125
54.409027099609375
36.529117584228516
38.919063568115234
102.1095962524414
36.21962356567383
36.28110122680664
38.919063568115234
38.79370880126953
35.355384826660156
36.962860107421875
35.01547622680664
34.94641876220703
33.947566986083984
35.99920654296875
33.06053924560547
38.753692626953125
37.6254768371582
36.70663833618164
37.429107666015625
38.575809478759766
36.529117584228516
37.42375564575195
35.01547622680664
37.498443603515625
41.02748489379883
44.14593505859375
32.801048278808594
38.8875732421875
37.40180587768555
34.77397918701172
35.04143142700195
37.54927444458008
36.536529541015625
39.31270980834961
38.28654861450195
33.972129821777344
42.02389144897461
39.147926330566406
34.00860595703125
74.17195129394531
37.39897918701172
34.91302490234375
33.06053924560547
32.195556640625
33.685245513916016
42.90477752685547
37.305816650390625
31.844179153442383
34.164608001708984
32.893192291259766
36.37076950073242
38.8875732421875
38.919063568115234
35.799415588378906
32.893192291259766
34.5978889465332
39.066375732421875
39.518211364746094
33.08692169189453
157.56021118164062
33.972129821777344
32.54863357543945
62.61760330200195
33.06053924560547
36.31351089477539
38.8875732421875
35.641883850097656
37.0539665222168
33.67825698852539
36.64599609375
43.0143928527832
157.56021118164062
37.84300994873047
37.52077102661133
36.481876373291016
37.82601547241211
86.41397094726562
39.16987609863281
36.18167495727539
38.9725227355957
36.81591796875
40.23038101196289
36.38158416748047
41.42772674560547
36.23009490966797
36.35227584838867
38.09651184082031
43.0648307800293
88.63739776611328
39.16987609863281
41.47555160522461
46.191307067871094
36.32176208496094
36.77024841308594
38.9725227355957
73.22334289550781
40.50254440307617
36.92366409301758
40.34334182739258
38.131980895996094
39.16987609863281
39.16987609863281
49.29783630371094
37.558189392089844
36.75994110107422
40.48051452636719
38.098628997802734
73.22334289550781
36.970035552978516
40.48033905029297
36.82342529296875
40.23038101196289
37.90708541870117
36.9278564453125
35.5929069519043
38.73524475097656
36.727867126464844
36.25162887573242
39.16987609863281
74.74291229248047
150.36952209472656
36.68089294433594
190.13241577148438
37.888824462890625
36.23761749267578
36.970035552978516
36.970035552978516
36.96458435058594
37.74174880981445
86.88722229003906
77.1348648071289
35.8599967956543
74.3020248413086
37.92219924926758
36.271549224853516
40.34334182739258
40.50254440307617
38.01502227783203
38.9725227355957
43.955039978027344
39.04450988769531
40.48033905029297
37.62986755371094
37.21674728393555
87.68903350830078
51.36394119262695
73.22334289550781
38.09651184082031
38.9725227355957
36.148681640625
73.20823669433594
34.94535827636719
36.8415412902832
52.6871337890625
36.25162887573242
37.21674728393555
40.40046691894531
49.1302604675293
37.00575637817383
36.96458435058594
36.19515609741211
36.81591796875
38.52464294433594
36.74192428588867
36.970035552978516
36.379356384277344
44.42774200439453
36.148681640625
90.7745590209961
37.94947814941406
36.148681640625
38.01502227783203
79.62125396728516
39.16987609863281
38.09651184082031
40.488922119140625
38.10184860229492
36.09892654418945
234.2745361328125
40.40164566040039
40.40046691894531
78.06716918945312
40.48033905029297
36.75994110107422
36.28082275390625
50.450096130371094
37.170379638671875
37.0020751953125
36.25162887573242
37.21674728393555
39.94746780395508
38.599754333496094
39.16987609863281
119.74398040771484
47.0955696105957
38.99881362915039
36.96458435058594
36.18167495727539
40.50254440307617
40.50254440307617
37.13399887084961
35.731998443603516
74.7176742553711
74.7176742553711
50.92469024658203
51.8066291809082
37.90708541870117
39.09318161010742
87.65038299560547
36.732147216796875
38.599754333496094
50.450096130371094
38.6688346862793
37.33475112915039
72.23035430908203
37.27626037597656
40.50254440307617
36.187068939208984
37.63506317138672
75.66854095458984
36.2409782409668
39.16987609863281
282.0096130371094
73.22334289550781
38.78445053100586
38.99881362915039
36.970035552978516
38.08577346801758
37.14078903198242
39.966522216796875
38.599754333496094
38.6226692199707
90.7745590209961
38.599754333496094
37.27626037597656
191.7340545654297
40.08138656616211
38.88093566894531
36.25162887573242
37.27626037597656
36.06877136230469
39.123756408691406
37.92219924926758
37.562007904052734
40.08138656616211
46.60500717163086
37.90708541870117
