27.334123611450195
27.4672794342041
30.819711685180664
40.19097900390625
25.05915641784668
24.641727447509766
63.79939270019531
26.884611129760742
25.887413024902344
24.641727447509766
31.705644607543945
29.907758712768555
32.26504898071289
29.905517578125
29.850101470947266
29.068849563598633
31.297882080078125
27.334123611450195
35.49189758300781
24.060932159423828
31.950096130371094
26.599477767944336
24.337745666503906
25.05915641784668
24.36467170715332
29.905517578125
24.371200561523438
33.67369842529297
34.935447692871094
28.001785278320312
24.716419219970703
29.44955825805664
29.363454818725586
29.680438995361328
36.39443588256836
31.735301971435547
24.968902587890625
24.950824737548828
29.263139724731445
33.115631103515625
31.554059982299805
28.452133178710938
54.544288635253906
24.05882453918457
29.839183807373047
27.334123611450195
26.602338790893555
28.76576042175293
47.70706558227539
25.337207794189453
26.31558609008789
28.96389389038086
27.119686126708984
31.921968460083008
24.716419219970703
24.641727447509766
31.408803939819336
27.119686126708984
26.993850708007812
24.71856689453125
32.4472541809082
27.656131744384766
109.84241485595703
29.263139724731445
27.11907386779785
48.28086853027344
27.334123611450195
26.71621322631836
24.716419219970703
27.805910110473633
32.43373489379883
28.66139030456543
31.542858123779297
48.42641067504883
109.84241485595703
32.59857177734375
30.165124893188477
29.545024871826172
32.13622283935547
72.78992462158203
31.745187759399414
29.655012130737305
31.583152770996094
30.074283599853516
34.19498062133789
29.506322860717773
39.58550262451172
29.400226593017578
31.90583038330078
30.864538192749023
37.747955322265625
77.8487319946289
31.745187759399414
34.74151611328125
36.92279052734375
29.387136459350586
30.116453170776367
31.583152770996094
53.02768325805664
33.539886474609375
29.964000701904297
34.91979217529297
31.054601669311523
31.745187759399414
31.745187759399414
38.220375061035156
32.647525787353516
29.773258209228516
34.5595703125
33.04891586303711
53.02768325805664
30.233768463134766
34.56008529663086
31.407306671142578
34.19498062133789
32.82588577270508
29.868549346923828
29.7807559967041
32.54912567138672
30.214801788330078
29.359643936157227
31.745187759399414
48.57378005981445
87.26473236083984
29.628318786621094
283.74365234375
30.66340446472168
30.911121368408203
30.233768463134766
30.233768463134766
30.15276336669922
32.65000534057617
74.70748901367188
49.844146728515625
30.02224349975586
48.08879089355469
30.72827911376953
29.38188934326172
34.91979217529297
33.539886474609375
32.90883255004883
31.583152770996094
35.36875915527344
31.368301391601562
34.56008529663086
30.367212295532227
30.0120849609375
82.25999450683594
40.45610427856445
53.02768325805664
30.864538192749023
31.583152770996094
32.024330139160156
53.013038635253906
31.217134475708008
29.854686737060547
40.5911979675293
29.359643936157227
30.0120849609375
33.47966766357422
40.545780181884766
30.503273010253906
30.15276336669922
29.54779052734375
30.074283599853516
33.51873016357422
29.752056121826172
30.233768463134766
31.178813934326172
35.86661148071289
32.024330139160156
78.70320129394531
32.7858772277832
32.024330139160156
32.90883255004883
51.147064208984375
31.745187759399414
30.864538192749023
32.32792282104492
30.783248901367188
29.250314712524414
899.5018920898438
33.48013687133789
33.47966766357422
50.34868240356445
34.56008529663086
29.773258209228516
29.823211669921875
39.0548095703125
30.620502471923828
30.49661636352539
29.359643936157227
30.0120849609375
32.067298889160156
31.14850616455078
31.745187759399414
113.56934356689453
36.944740295410156
31.464738845825195
30.15276336669922
29.655012130737305
33.539886474609375
33.539886474609375
32.69474792480469
29.04922103881836
48.573890686035156
48.573890686035156
39.57309341430664
40.55175018310547
32.82588577270508
31.435771942138672
81.60941314697266
30.0373592376709
31.14850616455078
39.0548095703125
31.029529571533203
31.30742073059082
52.224395751953125
30.07015609741211
33.539886474609375
31.790138244628906
32.796485900878906
52.18281936645508
29.827783584594727
31.745187759399414
2321.73974609375
53.02768325805664
33.65235137939453
31.464738845825195
30.233768463134766
33.02667999267578
30.156574249267578
32.07374572753906
31.14850616455078
33.75846481323242
78.70320129394531
31.14850616455078
30.07015609741211
520.8948364257812
33.54869842529297
37.07917785644531
29.359643936157227
30.07015609741211
29.359596252441406
34.392242431640625
30.72827911376953
35.539676666259766
33.54869842529297
36.686729431152344
32.82588577270508
