28.85399055480957
29.22493553161621
32.23943328857422
42.56167221069336
27.372238159179688
27.593481063842773
68.17305755615234
28.886688232421875
27.970008850097656
27.593481063842773
33.33128356933594
31.34733772277832
33.63982391357422
31.1258487701416
31.06668472290039
30.342971801757812
32.595542907714844
28.85399055480957
35.97231674194336
26.90353775024414
33.33126449584961
28.86056137084961
27.299148559570312
27.372238159179688
27.131921768188477
31.1258487701416
27.1019344329834
35.31348419189453
36.53857421875
29.170379638671875
27.631261825561523
31.074405670166016
30.793441772460938
31.109031677246094
35.61714553833008
33.121421813964844
27.920366287231445
27.732084274291992
30.464359283447266
34.99490737915039
33.066471099853516
29.777238845825195
55.703094482421875
26.843852996826172
31.049264907836914
28.85399055480957
27.972026824951172
30.005643844604492
44.75129318237305
27.783550262451172
27.714929580688477
30.23023796081543
28.643306732177734
33.19231414794922
27.631261825561523
27.593481063842773
32.61388397216797
28.643306732177734
28.665088653564453
27.681781768798828
33.74884796142578
29.019460678100586
119.3060302734375
30.464359283447266
28.450037002563477
48.96720886230469
28.85399055480957
28.582794189453125
27.631261825561523
29.466922760009766
33.79652404785156
29.966358184814453
32.921688079833984
45.33820724487305
119.3060302734375
33.76016616821289
31.743099212646484
31.061662673950195
33.4038200378418
70.40557098388672
33.322486877441406
31.06891632080078
33.16287612915039
31.497140884399414
35.21982192993164
31.030879974365234
39.88536071777344
30.92014503479004
32.85778045654297
32.447113037109375
38.83898162841797
77.03489685058594
33.322486877441406
35.97988510131836
38.4140739440918
30.918790817260742
31.521255493164062
33.16287612915039
55.91301727294922
34.84150695800781
31.455020904541016
35.80519104003906
32.50373458862305
33.322486877441406
33.322486877441406
40.320194244384766
33.77141571044922
31.300077438354492
35.58906555175781
34.17002487182617
55.91301727294922
31.65751075744629
35.58943176269531
32.651973724365234
35.21982192993164
33.9587287902832
31.392534255981445
31.12554168701172
33.789588928222656
31.6398868560791
30.89682388305664
33.322486877441406
53.120506286621094
86.49671936035156
31.15290069580078
148.44769287109375
32.246124267578125
32.16502380371094
31.65751075744629
31.65751075744629
31.594776153564453
33.79165267944336
71.73123931884766
54.51252746582031
31.363296508789062
52.706321716308594
32.31014633178711
30.91716766357422
35.80519104003906
34.84150695800781
34.041709899902344
33.16287612915039
37.010189056396484
32.99867248535156
35.58943176269531
31.955713272094727
31.577335357666016
77.32844543457031
42.42964172363281
55.91301727294922
32.447113037109375
33.16287612915039
33.030479431152344
55.899803161621094
32.109188079833984
31.34551239013672
42.7559700012207
30.89682388305664
31.577335357666016
34.77894592285156
41.793556213378906
31.87293815612793
31.594776153564453
30.986425399780273
31.497140884399414
34.47987747192383
31.278993606567383
31.65751075744629
32.410545349121094
37.32034683227539
33.030479431152344
79.2328109741211
33.929954528808594
33.030479431152344
34.041709899902344
55.884765625
33.322486877441406
32.447113037109375
33.99921417236328
32.37730407714844
30.76921844482422
426.3848876953125
34.779502868652344
34.77894592285156
55.04444885253906
35.58943176269531
31.300077438354492
31.213581085205078
41.18927001953125
31.991315841674805
31.859195709228516
30.89682388305664
31.577335357666016
33.70049285888672
32.74954605102539
33.322486877441406
107.70187377929688
38.921119689941406
33.06694030761719
31.594776153564453
31.06891632080078
34.84150695800781
34.84150695800781
33.80210494995117
30.536039352416992
53.1085090637207
53.1085090637207
41.673316955566406
42.58639907836914
33.9587287902832
33.06184387207031
76.85951232910156
31.4403076171875
32.74954605102539
41.18927001953125
32.6457405090332
32.725887298583984
55.01543426513672
31.633989334106445
34.84150695800781
32.74067306518555
33.94510269165039
55.64020919799805
31.207624435424805
33.322486877441406
812.162841796875
55.91301727294922
34.618499755859375
33.06694030761719
31.65751075744629
34.14961242675781
31.63347816467285
33.70917510986328
32.74954605102539
34.696876525878906
79.2328109741211
32.74954605102539
31.633989334106445
191.5564727783203
34.724815368652344
37.4715690612793
30.89682388305664
31.633989334106445
30.861591339111328
35.262847900390625
32.31014633178711
35.97598648071289
34.724815368652344
38.3958854675293
33.9587287902832
