14.381441116333008
14.765953063964844
17.905517578125
31.640459060668945
8.306961059570312
5.061044692993164
69.85159301757812
14.29941177368164
11.65086555480957
5.061044692993164
21.682058334350586
16.796825408935547
19.640422821044922
17.648366928100586
17.67343521118164
17.964515686035156
18.819820404052734
14.381441116333008
32.419769287109375
5.169425964355469
19.256160736083984
11.006767272949219
4.767524719238281
8.306961059570312
6.043769836425781
17.648366928100586
5.605327606201172
23.763912200927734
23.732744216918945
18.015857696533203
5.119941711425781
17.300514221191406
16.397682189941406
16.569082260131836
37.96236038208008
18.813018798828125
5.654445648193359
6.469282150268555
19.146547317504883
21.239471435546875
17.514951705932617
16.795778274536133
186.2451171875
5.247461318969727
17.711088180541992
14.381441116333008
15.34538459777832
18.269285202026367
64.83441925048828
7.4665374755859375
14.751398086547852
18.99567413330078
14.174205780029297
19.678407669067383
5.119941711425781
5.061044692993164
19.830158233642578
14.174205780029297
14.841888427734375
5.144685745239258
22.31189727783203
16.251848220825195
55.85232925415039
19.146547317504883
16.173795700073242
55.23784255981445
14.381441116333008
13.266363143920898
5.119941711425781
15.042007446289062
19.9373836517334
17.57839584350586
19.799022674560547
67.28790283203125
55.85232925415039
23.442319869995117
18.540733337402344
18.260730743408203
22.532039642333984
130.09219360351562
19.648696899414062
18.919105529785156
19.492755889892578
19.178173065185547
24.981395721435547
18.0736083984375
38.253753662109375
18.022808074951172
26.201826095581055
18.772640228271484
29.070507049560547
138.8975830078125
19.648696899414062
24.143871307373047
28.12137794494629
18.105873107910156
19.394939422607422
19.492755889892578
35.66764450073242
22.83846664428711
18.629329681396484
26.326759338378906
20.286972045898438
19.648696899414062
19.648696899414062
24.78987693786621
23.771713256835938
18.32857894897461
25.402027130126953
24.058578491210938
35.66764450073242
19.25529670715332
25.403167724609375
22.138240814208984
24.981395721435547
23.775428771972656
18.64276885986328
21.329853057861328
24.207279205322266
20.042394638061523
17.863525390625
19.648696899414062
22.344655990600586
1234.746826171875
18.434799194335938
64299.92578125
18.620849609375
21.182758331298828
19.25529670715332
19.25529670715332
19.042591094970703
23.555316925048828
139.19166564941406
22.60856056213379
21.619678497314453
21.778079986572266
18.64531898498535
17.89926528930664
26.326759338378906
22.83846664428711
23.85720443725586
19.492755889892578
23.863391876220703
19.214122772216797
25.403167724609375
18.380752563476562
18.325698852539062
130.0322265625
27.587108612060547
35.66764450073242
18.772640228271484
19.492755889892578
24.8940372467041
35.68114471435547
24.16841697692871
18.68326759338379
27.252437591552734
17.863525390625
18.325698852539062
22.824337005615234
32.089393615722656
19.736770629882812
19.042591094970703
18.69538116455078
19.178173065185547
26.307559967041016
18.307235717773438
19.25529670715332
21.589237213134766
26.378921508789062
24.8940372467041
81.77851867675781
23.699752807617188
24.8940372467041
23.85720443725586
24.737136840820312
19.648696899414062
18.772640228271484
20.101951599121094
18.82369613647461
17.948963165283203
103175.28125
22.825008392333984
22.824337005615234
23.6683406829834
25.403167724609375
18.32857894897461
19.296802520751953
25.485382080078125
19.787221908569336
19.799001693725586
17.863525390625
18.325698852539062
19.88072967529297
19.03839683532715
19.648696899414062
287.67034912109375
25.20922088623047
19.338586807250977
19.042591094970703
18.919105529785156
22.83846664428711
22.83846664428711
24.32999610900879
18.11664581298828
22.44382095336914
22.44382095336914
26.139930725097656
27.49742317199707
23.775428771972656
19.376253128051758
129.97283935546875
19.198326110839844
19.03839683532715
25.485382080078125
18.977596282958984
20.145246505737305
36.328125
18.40489959716797
22.83846664428711
26.103612899780273
23.259742736816406
30.503578186035156
19.545284271240234
19.648696899414062
415277.75
35.66764450073242
25.867874145507812
19.338586807250977
19.25529670715332
24.028072357177734
18.942367553710938
19.884262084960938
19.03839683532715
26.485366821289062
81.77851867675781
19.03839683532715
18.40489959716797
76591.3125
23.85184097290039
36.307945251464844
17.863525390625
18.40489959716797
18.15861701965332
26.517608642578125
18.64531898498535
36.46275329589844
23.85184097290039
26.299001693725586
23.775428771972656
