13.36598014831543
13.6343994140625
16.987037658691406
31.223548889160156
7.115716934204102
3.7990589141845703
72.09030151367188
13.64466667175293
10.525524139404297
3.7990589141845703
21.113079071044922
15.848066329956055
18.778087615966797
16.696151733398438
16.727455139160156
16.98895263671875
17.88248062133789
13.36598014831543
32.245758056640625
3.916118621826172
18.387649536132812
9.970983505249023
3.498220443725586
7.115716934204102
4.813837051391602
16.696151733398438
4.349826812744141
23.199647903442383
23.03697395324707
17.23470687866211
3.854766845703125
16.513154983520508
15.42660903930664
15.58327865600586
37.69166946411133
17.909503936767578
4.410224914550781
5.264558792114258
18.290271759033203
20.634166717529297
16.3109188079834
15.962677001953125
223.54086303710938
4.0047454833984375
16.765819549560547
13.36598014831543
14.520269393920898
17.39438247680664
65.35023498535156
6.203956604003906
13.915277481079102
18.33588981628418
13.163244247436523
18.751548767089844
3.854766845703125
3.7990589141845703
18.95444679260254
13.163244247436523
14.068887710571289
3.889230728149414
21.07050323486328
15.340591430664062
53.07402801513672
18.290271759033203
15.309661865234375
51.91636657714844
13.36598014831543
12.12261962890625
3.854766845703125
14.157955169677734
19.090438842773438
16.654285430908203
19.043237686157227
68.02452850341797
53.07402801513672
22.67615509033203
17.655086517333984
17.405054092407227
21.78506851196289
132.86764526367188
18.708675384521484
18.10879898071289
18.556224822998047
18.349552154541016
24.100135803222656
17.20858383178711
37.92464065551758
17.165517807006836
25.788349151611328
17.85295867919922
28.424081802368164
141.3740997314453
18.708675384521484
23.209543228149414
27.653953552246094
17.260032653808594
18.584178924560547
18.556224822998047
34.642234802246094
21.889108657836914
17.749683380126953
25.519725799560547
19.486392974853516
18.708675384521484
18.708675384521484
23.877147674560547
23.03465461730957
17.452007293701172
24.563474655151367
23.292125701904297
34.642234802246094
18.41726303100586
24.564632415771484
21.430736541748047
24.100135803222656
23.008865356445312
17.789724349975586
20.75439453125
23.754409790039062
19.37883758544922
16.996437072753906
18.708675384521484
20.715564727783203
1622.794189453125
17.590843200683594
91009.84375
17.7069034576416
20.462913513183594
18.41726303100586
18.41726303100586
18.192020416259766
22.78879737854004
142.90524291992188
20.969266891479492
21.043453216552734
20.11248207092285
17.728374481201172
17.03274154663086
25.519725799560547
21.889108657836914
23.088863372802734
18.556224822998047
23.03510093688965
18.31526756286621
24.564632415771484
17.473430633544922
17.431432723999023
126.428955078125
26.628280639648438
34.642234802246094
17.85295867919922
18.556224822998047
24.454275131225586
34.65301513671875
23.729515075683594
17.83277702331543
26.376646041870117
16.996437072753906
17.431432723999023
21.88006591796875
31.544836044311523
18.917530059814453
18.192020416259766
17.87734603881836
18.349552154541016
25.70008087158203
17.430721282958984
18.41726303100586
20.89019012451172
25.833425521850586
24.454275131225586
82.89205932617188
22.933393478393555
24.454275131225586
23.088863372802734
23.176084518432617
18.708675384521484
17.85295867919922
19.195148468017578
17.91834259033203
17.100658416748047
107246.625
21.880796432495117
21.88006591796875
21.89422607421875
24.564632415771484
17.452007293701172
18.506269454956055
24.52492904663086
18.959518432617188
18.98516845703125
16.996437072753906
17.431432723999023
18.972686767578125
18.11484718322754
18.708675384521484
316.8941955566406
24.427814483642578
18.4090518951416
18.192020416259766
18.10879898071289
21.889108657836914
21.889108657836914
23.65652084350586
17.303619384765625
20.825395584106445
20.825395584106445
25.166261672973633
26.550949096679688
23.008865356445312
18.494596481323242
126.56373596191406
18.371753692626953
18.11484718322754
24.52492904663086
18.062950134277344
19.32207489013672
35.34465789794922
17.511566162109375
21.889108657836914
25.689151763916016
22.41324806213379
29.429481506347656
18.786603927612305
18.708675384521484
593473.9375
34.642234802246094
25.28594398498535
18.4090518951416
18.41726303100586
23.261568069458008
18.087553024291992
18.976913452148438
18.11484718322754
25.79589080810547
82.89205932617188
18.11484718322754
17.511566162109375
100539.8828125
22.962329864501953
36.129432678222656
16.996437072753906
17.511566162109375
17.32001495361328
25.85190200805664
17.728374481201172
37.041831970214844
22.962329864501953
25.712976455688477
23.008865356445312
