12.354650497436523
12.503087997436523
16.136978149414062
30.08500862121582
5.926002502441406
2.593717575073242
74.30584716796875
13.081787109375
9.435859680175781
2.593717575073242
20.710887908935547
14.973838806152344
17.942007064819336
15.791465759277344
15.832202911376953
16.047183990478516
16.96944808959961
12.354650497436523
31.579036712646484
2.7082881927490234
17.537090301513672
8.979455947875977
2.2989463806152344
5.926002502441406
3.6543006896972656
15.791465759277344
3.1124420166015625
22.81027603149414
22.321781158447266
16.474609375
2.6432342529296875
15.712764739990234
14.517730712890625
14.661468505859375
37.27167510986328
17.02303695678711
3.2146034240722656
4.10932731628418
17.364364624023438
19.966352462768555
15.062488555908203
15.157888412475586
254.9245147705078
2.797727584838867
15.86948013305664
12.354650497436523
13.705486297607422
16.49198341369629
62.631988525390625
5.007078170776367
13.124479293823242
17.67658805847168
12.166213989257812
17.842985153198242
2.6432342529296875
2.593717575073242
18.100391387939453
12.166213989257812
13.39572525024414
2.696849822998047
19.70025634765625
14.448902130126953
51.54242706298828
17.364364624023438
14.439687728881836
51.26335525512695
12.354650497436523
11.01192855834961
2.6432342529296875
13.328588485717773
18.262184143066406
15.749744415283203
18.36208724975586
65.26046752929688
51.54242706298828
21.941650390625
16.827396392822266
16.594738006591797
21.1023006439209
144.0595703125
17.8480224609375
17.277385711669922
17.693620681762695
17.490875244140625
23.34775161743164
16.394500732421875
38.1400032043457
16.356748580932617
25.395233154296875
16.978891372680664
27.693387985229492
153.0809326171875
17.8480224609375
22.35387420654297
27.152313232421875
16.45838165283203
17.739286422729492
17.693620681762695
33.31726837158203
21.057903289794922
16.9610595703125
24.77979278564453
18.680809020996094
17.8480224609375
17.8480224609375
23.001562118530273
22.334182739257812
16.631126403808594
23.820171356201172
22.553531646728516
33.31726837158203
17.552906036376953
23.821359634399414
20.743852615356445
23.34775161743164
22.27096176147461
16.986209869384766
20.213489532470703
23.18221092224121
18.792457580566406
16.17437171936035
17.8480224609375
19.072826385498047
1403.103515625
16.785194396972656
74254.46875
16.841793060302734
19.740222930908203
17.552906036376953
17.552906036376953
17.32217025756836
22.04376983642578
155.45774841308594
19.491043090820312
20.50847816467285
18.49869155883789
16.854211807250977
16.211639404296875
24.77979278564453
21.057903289794922
22.352581024169922
17.693620681762695
22.23000717163086
17.440616607666016
23.821359634399414
16.615245819091797
16.598052978515625
132.8853759765625
25.846094131469727
33.31726837158203
16.978891372680664
17.693620681762695
23.909255981445312
33.326995849609375
23.15483856201172
17.003786087036133
25.61272621154785
16.17437171936035
16.598052978515625
21.05413055419922
30.969707489013672
18.033512115478516
17.32217025756836
17.050922393798828
17.490875244140625
25.250438690185547
16.609392166137695
17.552906036376953
20.16629409790039
25.18498420715332
23.909255981445312
83.21509552001953
22.196475982666016
23.909255981445312
22.352581024169922
21.690719604492188
17.8480224609375
16.978891372680664
18.333755493164062
17.060802459716797
16.297815322875977
111259.0625
21.054922103881836
21.05413055419922
20.557762145996094
23.821359634399414
16.631126403808594
17.684465408325195
23.71680450439453
18.0593318939209
18.096084594726562
16.17437171936035
16.598052978515625
18.109901428222656
17.25118637084961
17.8480224609375
342.7502746582031
23.6275634765625
17.549861907958984
17.32217025756836
17.277385711669922
21.057903289794922
21.057903289794922
23.093168258666992
16.52544593811035
19.172710418701172
19.172710418701172
24.377288818359375
25.795576095581055
22.27096176147461
17.62401008605957
133.3127899169922
17.500959396362305
17.25118637084961
23.71680450439453
17.21566390991211
18.559106826782227
34.05644989013672
16.680198669433594
21.057903289794922
25.287494659423828
21.66530418395996
27.16998291015625
17.995803833007812
17.8480224609375
642268.75
33.31726837158203
24.806259155273438
17.549861907958984
17.552906036376953
22.523265838623047
17.22846221923828
18.113534927368164
17.25118637084961
25.33361053466797
83.21509552001953
17.25118637084961
16.680198669433594
74114.046875
22.2192325592041
36.53465270996094
16.17437171936035
16.680198669433594
16.520288467407227
25.282073974609375
16.854211807250977
38.19442367553711
22.2192325592041
25.13176727294922
22.27096176147461
