21.180036544799805
21.709962844848633
24.451271057128906
34.86403274536133
16.716453552246094
14.385591506958008
59.929874420166016
20.02490234375
18.98407745361328
14.385591506958008
25.98678207397461
23.492155075073242
25.998455047607422
24.148754119873047
24.12270736694336
23.893714904785156
25.328447341918945
21.180036544799805
33.33734130859375
14.303482055664062
25.669692993164062
18.762310028076172
14.093122482299805
16.716453552246094
14.97421646118164
24.148754119873047
14.709989547729492
27.692670822143555
28.304773330688477
23.23576545715332
14.452838897705078
23.542232513427734
23.094602584838867
23.354007720947266
37.460933685302734
25.399639129638672
14.815025329589844
15.354421615600586
24.46408462524414
26.216733932495117
25.230083465576172
22.730525970458984
80.8801040649414
14.34423828125
24.145263671875
21.180036544799805
21.058073043823242
23.77606201171875
58.21843338012695
16.051685333251953
20.741024017333984
23.945823669433594
20.965578079223633
26.069984436035156
14.452838897705078
14.385591506958008
25.864505767822266
20.965578079223633
20.92618179321289
14.421197891235352
27.409780502319336
22.19137954711914
79.5744400024414
24.46408462524414
21.842594146728516
51.515018463134766
21.180036544799805
20.531164169311523
14.452838897705078
21.70916748046875
26.220417022705078
23.419605255126953
25.511127471923828
59.653961181640625
79.5744400024414
28.26266098022461
24.561805725097656
24.12714385986328
27.507709503173828
92.46332550048828
25.942813873291016
24.513275146484375
25.782974243164062
24.868444442749023
30.174013137817383
24.015905380249023
38.53898620605469
23.931594848632812
28.873929977416992
25.06092643737793
33.33765411376953
94.4223403930664
25.942813873291016
29.805397033691406
32.284751892089844
23.926563262939453
24.973186492919922
25.782974243164062
43.91905212402344
28.570966720581055
24.551132202148438
31.274065017700195
25.91974639892578
25.942813873291016
25.942813873291016
31.38307762145996
28.426599502563477
24.2917423248291
30.534311294555664
28.818897247314453
43.91905212402344
24.974178314208984
30.535192489624023
26.934534072875977
30.174013137817383
28.564802169799805
24.45638656616211
25.384254455566406
28.330442428588867
25.134140014648438
23.82383918762207
25.942813873291016
35.14128875732422
476.4214172363281
24.230632781982422
18131.78125
24.881813049316406
26.183406829833984
24.974178314208984
24.974178314208984
24.84880828857422
28.379802703857422
96.80964660644531
35.29867935180664
25.645854949951172
34.431976318359375
24.929542541503906
23.855195999145508
31.274065017700195
28.570966720581055
28.647275924682617
25.782974243164062
29.61343002319336
25.488779067993164
30.535192489624023
24.6087646484375
24.405029296875
104.69114685058594
33.9970703125
43.91905212402344
25.06092643737793
25.782974243164062
28.20812225341797
43.93223571777344
27.596744537353516
24.477041244506836
33.73689651489258
23.82383918762207
24.405029296875
28.512359619140625
36.23841857910156
25.354080200195312
24.84880828857422
24.344146728515625
24.868444442749023
30.056068420410156
24.26972198486328
24.974178314208984
26.48743438720703
31.222074508666992
28.20812225341797
78.82551574707031
28.498130798339844
28.20812225341797
28.647275924682617
36.869483947753906
25.942813873291016
25.06092643737793
26.38857650756836
25.005638122558594
23.80738067626953
20810.76171875
28.512859344482422
28.512359619140625
35.987457275390625
30.535192489624023
24.2917423248291
24.762474060058594
32.138309478759766
25.461519241333008
25.399517059326172
23.82383918762207
24.405029296875
26.17905616760254
25.322059631347656
25.942813873291016
163.7021026611328
30.917430877685547
25.630456924438477
24.84880828857422
24.513275146484375
28.570966720581055
28.570966720581055
28.544084548950195
23.75830841064453
35.18354034423828
35.18354034423828
32.76066589355469
33.971256256103516
28.564802169799805
25.592952728271484
103.89936065673828
24.86739730834961
25.322059631347656
32.138309478759766
25.222023010253906
25.918212890625
43.90696716308594
24.47503662109375
28.570966720581055
28.770538330078125
28.360292434692383
41.04655838012695
24.86602783203125
25.942813873291016
128876.3515625
43.91905212402344
30.026487350463867
25.630456924438477
24.974178314208984
28.79220962524414
24.787635803222656
26.18307876586914
25.322059631347656
30.324853897094727
78.82551574707031
25.322059631347656
24.47503662109375
19463.478515625
29.166667938232422
35.961509704589844
23.82383918762207
24.47503662109375
23.96147918701172
30.880203247070312
24.929542541503906
34.517730712890625
29.166667938232422
31.217626571655273
28.564802169799805
