32.03514862060547
34.67744445800781
35.2674560546875
50.57292556762695
33.977500915527344
35.84123611450195
85.70783996582031
34.41754150390625
34.12908172607422
35.84123611450195
37.464271545410156
34.47499465942383
36.376983642578125
34.029605865478516
33.96250915527344
33.03507995605469
35.31664276123047
32.03514862060547
37.733306884765625
34.803462982177734
36.10480880737305
35.19232177734375
35.538944244384766
33.977500915527344
34.73418426513672
34.029605865478516
34.74951171875
39.31578063964844
41.76154708862305
31.916276931762695
35.80598068237305
35.814334869384766
33.89986038208008
34.186180114746094
36.40840530395508
35.91582107543945
36.20268249511719
35.45212936401367
33.09014129638672
40.02975082397461
37.47190856933594
32.96260452270508
66.8465347290039
34.61216735839844
33.936431884765625
32.03514862060547
31.171615600585938
32.766292572021484
42.538665771484375
34.655216217041016
30.864290237426758
33.220375061035156
31.8616943359375
35.771846771240234
35.80598068237305
35.84123611450195
35.170570373535156
31.8616943359375
33.160884857177734
35.96483612060547
37.736305236816406
32.08580017089844
145.67019653320312
33.09014129638672
31.51491355895996
57.51051712036133
32.03514862060547
34.33269119262695
35.80598068237305
34.144161224365234
36.49295425415039
32.7335319519043
35.8675651550293
42.77861404418945
145.67019653320312
36.71604919433594
35.860137939453125
34.96405029296875
36.591796875
77.5920639038086
37.448524475097656
34.73268508911133
37.270286560058594
35.24899673461914
38.55235290527344
34.89896774291992
40.751827239990234
34.76671600341797
35.4071159362793
36.47980499267578
41.55281448364258
82.47457122802734
37.448524475097656
39.52712631225586
43.31001663208008
34.82634353637695
35.22032928466797
37.270286560058594
65.70001983642578
38.59425735473633
35.34558868408203
38.81679916381836
36.45714569091797
37.448524475097656
37.448524475097656
46.4022102355957
36.55591583251953
35.223876953125
38.86490249633789
37.00967788696289
65.70001983642578
35.39153289794922
38.864891052246094
35.73636245727539
38.55235290527344
36.820499420166016
35.35110855102539
34.48127365112305
37.142948150634766
35.29798126220703
34.78023910522461
37.448524475097656
67.39254760742188
117.80195617675781
35.113372802734375
137.74563598632812
36.27676010131836
35.187225341796875
35.39153289794922
35.39153289794922
35.37886428833008
36.673133850097656
78.03421020507812
69.30258178710938
34.73127746582031
67.04804992675781
36.322669982910156
34.80005645751953
38.81679916381836
38.59425735473633
36.91513442993164
37.270286560058594
41.54008483886719
37.260929107666016
38.864891052246094
36.01403045654297
35.61329650878906
79.25605010986328
48.32174301147461
65.70001983642578
36.47980499267578
37.270286560058594
35.379364013671875
65.68805694580078
34.2480354309082
35.24561309814453
49.23112106323242
34.78023910522461
35.61329650878906
38.508670806884766
46.18314743041992
35.46236038208008
35.37886428833008
34.71915054321289
35.24899673461914
37.28975296020508
35.20463943481445
35.39153289794922
35.351287841796875
41.856285095214844
35.379364013671875
83.51004028320312
36.83867263793945
35.379364013671875
36.91513442993164
71.13444519042969
37.448524475097656
36.47980499267578
38.506858825683594
36.462982177734375
34.630943298339844
218.66717529296875
38.5096321105957
38.508670806884766
70.02059936523438
38.864891052246094
35.223876953125
34.83313751220703
47.39914321899414
35.6039924621582
35.456581115722656
34.78023910522461
35.61329650878906
38.05645751953125
36.897926330566406
37.448524475097656
108.12902069091797
44.62785339355469
37.257537841796875
35.37886428833008
34.73268508911133
38.59425735473633
38.59425735473633
36.34915542602539
34.3232536315918
67.36845397949219
67.36845397949219
47.838470458984375
48.6688232421875
36.820499420166016
37.308841705322266
79.17855834960938
35.15864181518555
36.897926330566406
47.39914321899414
36.90473175048828
36.10308837890625
64.80065155029297
35.670745849609375
38.59425735473633
35.26382827758789
36.68735885620117
68.18950653076172
34.81307601928711
37.448524475097656
249.1939239501953
65.70001983642578
37.48511505126953
37.257537841796875
35.39153289794922
36.99493408203125
35.518226623535156
38.07207489013672
36.897926330566406
37.412635803222656
83.51004028320312
36.897926330566406
35.670745849609375
154.207763671875
38.32919692993164
38.42686462402344
34.78023910522461
35.670745849609375
34.65218734741211
37.89873504638672
36.322669982910156
37.107242584228516
38.32919692993164
43.57643127441406
36.820499420166016
