25.65688705444336
25.751113891601562
29.180265426635742
38.18071746826172
22.729995727539062
21.716020584106445
60.49797058105469
24.910511016845703
23.848098754882812
21.716020584106445
30.032028198242188
28.258037567138672
30.65035629272461
28.46738624572754
28.4173583984375
27.65904998779297
29.77872657775879
25.65688705444336
34.90217208862305
21.254966735839844
30.330842971801758
24.393674850463867
21.408164978027344
22.729995727539062
21.665252685546875
28.46738624572754
21.6280460357666
31.898048400878906
32.97573471069336
26.73077964782715
21.80710792541504
27.860204696655273
27.741195678710938
28.052114486694336
36.93272399902344
30.108325958251953
22.061885833740234
22.203861236572266
27.94704246520996
31.00130271911621
29.88047218322754
26.959712982177734
56.03178787231445
21.2855224609375
28.414485931396484
25.65688705444336
25.108293533325195
27.40840721130371
51.150840759277344
22.784343719482422
24.808029174804688
27.59894371032715
25.443828582763672
30.43120002746582
21.80710792541504
21.716020584106445
29.99693489074707
25.443828582763672
25.35799217224121
21.781932830810547
31.0185546875
26.172576904296875
100.67068481445312
27.94704246520996
25.680646896362305
48.3118782043457
25.65688705444336
24.900440216064453
21.80710792541504
26.179466247558594
30.830448150634766
27.232059478759766
29.96352195739746
51.99711990356445
100.67068481445312
31.401479721069336
28.590137481689453
28.026731491088867
30.8406925201416
77.97354888916016
30.12632179260254
28.235328674316406
29.965784072875977
28.643203735351562
33.18474578857422
27.97218894958496
39.2990608215332
27.868669509887695
30.982608795166016
29.242197036743164
36.55368423461914
80.68408966064453
30.12632179260254
33.46413040161133
35.533172607421875
27.85106658935547
28.703067779541016
29.965784072875977
50.30363845825195
32.23223876953125
28.466007232666016
34.030296325683594
29.608074188232422
30.12632179260254
30.12632179260254
36.198036193847656
31.477962493896484
28.24161148071289
33.53662872314453
31.886899948120117
50.30363845825195
28.794692993164062
33.537261962890625
30.14095687866211
33.18474578857422
31.652198791503906
28.350955963134766
28.453704833984375
31.3284969329834
28.77600860595703
27.807477951049805
30.12632179260254
44.53394317626953
114.02194213867188
28.110797882080078
787.8098754882812
29.0455322265625
29.601470947265625
28.794692993164062
28.794692993164062
28.698196411132812
31.471832275390625
80.60052490234375
45.534461975097656
28.69849395751953
43.96095275878906
29.107202529907227
27.832500457763672
34.030296325683594
32.23223876953125
31.73649787902832
29.965784072875977
33.72879409790039
29.706544876098633
33.537261962890625
28.752601623535156
28.441574096679688
89.50714874267578
38.56817626953125
50.30363845825195
29.242197036743164
29.965784072875977
30.947420120239258
50.29594039916992
30.24557876586914
28.361927032470703
38.52722930908203
27.807477951049805
28.441574096679688
32.17149353027344
39.34539031982422
29.108516693115234
28.698196411132812
28.10662269592285
28.643203735351562
32.57978820800781
28.22027015686035
28.794692993164062
29.882122039794922
34.50434875488281
30.947420120239258
78.43352508544922
31.603239059448242
30.947420120239258
31.73649787902832
46.82319641113281
30.12632179260254
29.242197036743164
30.64495086669922
29.15760612487793
27.72395133972168
2537.367919921875
32.17192459106445
32.17149353027344
46.050777435302734
33.537261962890625
28.24161148071289
28.424240112304688
36.99980163574219
29.223888397216797
29.112186431884766
27.807477951049805
28.441574096679688
30.411909103393555
29.514968872070312
30.12632179260254
123.4036636352539
35.11237335205078
29.830873489379883
28.698196411132812
28.235328674316406
32.23223876953125
32.23223876953125
31.536062240600586
27.55906867980957
44.547794342041016
44.547794342041016
37.55854034423828
38.61079788208008
31.652198791503906
29.77471160888672
88.73300170898438
28.623382568359375
29.514968872070312
36.99980163574219
29.399240493774414
29.81681251525879
49.67927551269531
28.50267219543457
32.23223876953125
30.866989135742188
31.5970401763916
49.130462646484375
28.44924545288086
30.12632179260254
8553.6748046875
50.30363845825195
32.68966293334961
29.830873489379883
28.794692993164062
31.86310386657715
28.676021575927734
30.41729164123535
29.514968872070312
32.8367805480957
78.43352508544922
29.514968872070312
28.50267219543457
2025.026611328125
32.39751052856445
36.707542419433594
27.807477951049805
28.50267219543457
27.845394134521484
33.4931640625
29.107202529907227
35.13962173461914
32.39751052856445
35.06146240234375
31.652198791503906
