17.356796264648438
18.036914825439453
20.617950439453125
33.202396392822266
11.888235092163086
8.923694610595703
64.8331298828125
16.51041603088379
14.948436737060547
8.923694610595703
23.291175842285156
19.601215362548828
22.29191017150879
20.394939422607422
20.39702606201172
20.613731384277344
21.62533950805664
17.356796264648438
32.733734130859375
8.963306427001953
21.940820693969727
14.249702453613281
8.62807846069336
11.888235092163086
9.762815475463867
20.394939422607422
9.38165283203125
25.218294143676758
25.53891372680664
20.28559112548828
8.985725402832031
19.916732788085938
19.222766876220703
19.43218994140625
37.95707321166992
21.5915584564209
9.446067810058594
10.173542022705078
21.548221588134766
23.277877807617188
20.92444610595703
19.285991668701172
127.93694305419922
9.015186309814453
20.438518524169922
17.356796264648438
17.770294189453125
20.730480194091797
63.1951789855957
10.96502685546875
17.293987274169922
21.07455062866211
17.140735626220703
22.458351135253906
8.985725402832031
8.923694610595703
22.449588775634766
17.140735626220703
17.268335342407227
8.976806640625
24.250579833984375
18.85940170288086
77.65203857421875
21.548221588134766
18.60863494873047
53.71065902709961
17.356796264648438
16.627609252929688
8.985725402832031
17.83346176147461
22.560945510864258
20.141231536865234
22.087600708007812
65.13765716552734
77.65203857421875
25.560226440429688
21.154117584228516
20.805683135986328
24.68587875366211
110.9348373413086
22.370838165283203
21.332719802856445
22.21466827392578
21.64109992980957
27.264225006103516
20.65184211730957
38.124176025390625
20.58654022216797
27.328638076782227
21.49251937866211
30.729129791259766
115.49141693115234
22.370838165283203
26.631122589111328
29.726715087890625
20.629526138305664
21.80484962463379
22.21466827392578
39.02558135986328
25.342437744140625
21.170177459716797
28.50664520263672
22.729774475097656
22.370838165283203
22.370838165283203
27.588275909423828
25.822359085083008
20.9178409576416
27.647994995117188
26.1527156829834
39.02558135986328
21.73210906982422
27.649032592773438
24.210060119628906
27.264225006103516
25.885391235351562
21.167896270751953
23.028085708618164
25.99822235107422
22.156660079956055
20.447742462158203
22.370838165283203
27.768280029296875
937.10400390625
20.949951171875
30823.685546875
21.327741622924805
23.346324920654297
21.73210906982422
21.73210906982422
21.56169319152832
25.675251007080078
117.47715759277344
27.669038772583008
23.304656982421875
27.22400665283203
21.36435317993164
20.481950759887695
28.50664520263672
25.342437744140625
25.96295738220215
22.21466827392578
26.270076751708984
21.911819458007812
27.649032592773438
21.074819564819336
20.96343994140625
119.09056091308594
30.263338088989258
39.02558135986328
21.49251937866211
22.21466827392578
26.277772903442383
39.040611267089844
25.628267288208008
21.19430923461914
29.924863815307617
20.447742462158203
20.96343994140625
25.311649322509766
33.697303771972656
22.1665096282959
21.56169319152832
21.13732147216797
21.64109992980957
27.847415924072266
20.8958797454834
21.73210906982422
23.707584381103516
28.460952758789062
26.277772903442383
79.98638916015625
25.807788848876953
26.277772903442383
25.96295738220215
29.53240203857422
22.370838165283203
21.49251937866211
22.798511505126953
21.50345230102539
20.48958969116211
58884.234375
25.312213897705078
25.311649322509766
28.5846004486084
27.649032592773438
20.9178409576416
21.649433135986328
28.25296974182129
22.245372772216797
22.221847534179688
20.447742462158203
20.96343994140625
22.58681869506836
21.754215240478516
22.370838165283203
219.20701599121094
27.615949630737305
22.05508804321289
21.56169319152832
21.332719802856445
25.342437744140625
25.342437744140625
26.11575698852539
20.552135467529297
27.845760345458984
27.845760345458984
28.888256072998047
30.176673889160156
25.885391235351562
22.035655975341797
118.58258819580078
21.65408706665039
21.754215240478516
28.25296974182129
21.671863555908203
22.61956787109375
39.48940658569336
21.038619995117188
25.342437744140625
27.230663299560547
25.49065399169922
34.83818054199219
21.8297119140625
22.370838165283203
355289.125
39.02558135986328
27.569927215576172
22.05508804321289
21.73210906982422
26.123668670654297
21.479961395263672
22.589824676513672
21.754215240478516
28.09418487548828
79.98638916015625
21.754215240478516
21.038619995117188
56769.203125
26.174299240112305
35.846553802490234
20.447742462158203
21.038619995117188
20.671817779541016
28.373374938964844
21.36435317993164
34.887290954589844
26.174299240112305
28.172954559326172
25.885391235351562
