31.624452590942383
33.88743591308594
34.8947639465332
49.29850769042969
32.97955322265625
34.66324996948242
82.11178588867188
33.65624237060547
33.24452590942383
34.66324996948242
36.90635681152344
34.080196380615234
36.06336212158203
33.62632751464844
33.560211181640625
32.67808532714844
34.98404312133789
31.624452590942383
37.40083312988281
33.68606948852539
35.78459167480469
34.30619430541992
34.367305755615234
32.97955322265625
33.66810607910156
33.62632751464844
33.658912658691406
38.73697280883789
40.92824172973633
31.54817771911621
34.63323974609375
35.161293029785156
33.50726318359375
33.79996109008789
36.026580810546875
35.590641021728516
35.016632080078125
34.359195709228516
32.74119567871094
39.300437927246094
36.80229568481445
32.52396011352539
64.67987060546875
33.50870895385742
33.53578186035156
31.624452590942383
30.742948532104492
32.3985710144043
42.46525192260742
33.628726959228516
30.451988220214844
32.81924819946289
31.445449829101562
35.465396881103516
34.63323974609375
34.66324996948242
34.85745620727539
31.445449829101562
32.54936218261719
34.78038787841797
37.079811096191406
31.678974151611328
141.59300231933594
32.74119567871094
31.098186492919922
55.81177520751953
31.624452590942383
33.50497055053711
34.63323974609375
33.51451873779297
36.18642044067383
32.365516662597656
35.50685119628906
42.752174377441406
141.59300231933594
36.289669036865234
35.257118225097656
34.404869079589844
36.13080978393555
75.43023681640625
36.84023666381836
34.20009994506836
36.666831970214844
34.692195892333984
38.01704406738281
34.34794998168945
40.55971145629883
34.221946716308594
35.03620529174805
35.89604568481445
41.11532974243164
80.96949005126953
36.84023666381836
38.944007873535156
42.45339584350586
34.2689208984375
34.66943359375
36.666831970214844
63.7904052734375
37.99612808227539
34.775699615478516
38.32624816894531
35.86406326293945
36.84023666381836
36.84023666381836
45.44480895996094
36.159767150878906
34.660011291503906
38.344608306884766
36.599239349365234
63.7904052734375
34.83425521850586
38.344642639160156
35.301902770996094
38.01704406738281
36.40695571899414
34.775840759277344
34.023719787597656
36.62107849121094
34.77273941040039
34.23000717163086
36.84023666381836
64.98143005371094
110.55684661865234
34.54126739501953
128.8511199951172
35.6932258605957
34.76638412475586
34.83425521850586
34.83425521850586
34.816375732421875
36.261131286621094
75.91703033447266
66.81073760986328
34.27020263671875
64.65583801269531
35.74272537231445
34.249107360839844
38.32624816894531
37.99612808227539
36.49992370605469
36.666831970214844
40.807655334472656
36.63324737548828
38.344642639160156
35.427757263183594
35.02841567993164
77.4541244506836
47.35789108276367
63.7904052734375
35.89604568481445
36.666831970214844
35.05626678466797
63.778316497802734
33.95030975341797
34.672489166259766
48.16679763793945
34.23000717163086
35.02841567993164
37.915748596191406
45.359153747558594
34.923336029052734
34.816375732421875
34.178165435791016
34.692195892333984
36.876644134521484
34.640628814697266
34.83425521850586
34.94081115722656
41.07847213745117
35.05626678466797
82.19912719726562
36.41902542114258
35.05626678466797
36.49992370605469
68.521728515625
36.84023666381836
35.89604568481445
37.825313568115234
35.87218475341797
34.08109664916992
223.7944793701172
37.91664505004883
37.915748596191406
67.48059844970703
38.344642639160156
34.660011291503906
34.304927825927734
46.40807342529297
35.058292388916016
34.915321350097656
34.23000717163086
35.02841567993164
37.40358352661133
36.29179763793945
36.84023666381836
106.05219268798828
43.75481033325195
36.64151382446289
34.816375732421875
34.20009994506836
37.99612808227539
37.99612808227539
36.00856399536133
33.78764724731445
64.95758819580078
64.95758819580078
46.84514236450195
47.675819396972656
36.40695571899414
36.685279846191406
77.34600830078125
34.601070404052734
36.29179763793945
46.40807342529297
36.277950286865234
35.633140563964844
62.89324188232422
35.08482360839844
37.99612808227539
34.89949417114258
36.30787658691406
65.83138275146484
34.28771209716797
36.84023666381836
260.4366455078125
63.7904052734375
37.049468994140625
36.64151382446289
34.83425521850586
36.58368682861328
34.93876647949219
37.418033599853516
36.29179763793945
37.01408767700195
82.19912719726562
36.29179763793945
35.08482360839844
145.8731231689453
37.760963439941406
38.26537322998047
34.23000717163086
35.08482360839844
34.117401123046875
37.49524688720703
35.74272537231445
36.93423843383789
37.760963439941406
42.68832778930664
36.40695571899414
