32.413211822509766
35.389347076416016
35.589332580566406
51.83372116088867
34.904869079589844
36.92585754394531
89.94575500488281
35.09931564331055
34.93204116821289
36.92585754394531
37.969520568847656
34.8206901550293
36.62888717651367
34.39760208129883
34.32943344116211
33.36796951293945
35.596519470214844
32.413211822509766
38.075096130371094
35.8275032043457
36.36294174194336
35.996456146240234
36.61578369140625
34.904869079589844
35.70753479003906
34.39760208129883
35.750343322753906
39.882545471191406
42.5753288269043
32.25303649902344
36.88705062866211
36.3950309753418
34.243751525878906
34.5244140625
36.80057907104492
36.179832458496094
37.296241760253906
36.45315933227539
33.414920806884766
40.72673797607422
38.09012222290039
33.361541748046875
69.09188079833984
35.62434387207031
34.301700592041016
32.413211822509766
31.560941696166992
33.1067008972168
42.64456558227539
35.608741760253906
31.238183975219727
33.58175277709961
32.24357223510742
36.02360916137695
36.88705062866211
36.92585754394531
35.43170928955078
32.24357223510742
33.7091178894043
37.0567626953125
38.36023712158203
32.4595947265625
149.5880126953125
33.414920806884766
31.899301528930664
59.248233795166016
32.413211822509766
35.078670501708984
36.88705062866211
34.70780944824219
36.73705291748047
33.077720642089844
36.17854690551758
42.83448791503906
149.5880126953125
37.115482330322266
36.43299865722656
35.493370056152344
37.02729034423828
80.05480194091797
38.03311538696289
35.2373161315918
37.85076141357422
35.78568649291992
39.092220306396484
35.418556213378906
40.95877456665039
35.28241729736328
35.75086212158203
37.033912658691406
42.00905227661133
84.17098236083984
38.03311538696289
40.128841400146484
44.201656341552734
35.351356506347656
35.75094223022461
37.85076141357422
67.85294342041016
39.198978424072266
35.890716552734375
39.30895233154297
37.025943756103516
38.03311538696289
38.03311538696289
47.3473014831543
36.92161178588867
35.757320404052734
39.3858528137207
37.39494323730469
67.85294342041016
35.9300651550293
39.38578414916992
36.1364631652832
39.092220306396484
37.206912994384766
35.898590087890625
34.89664840698242
37.66121292114258
35.79711151123047
35.29804611206055
38.03311538696289
69.7968521118164
125.99446105957031
35.65792465209961
149.3109588623047
36.831398010253906
35.57402420043945
35.9300651550293
35.9300651550293
35.920955657958984
37.056114196777344
80.48047637939453
71.81568145751953
35.1515998840332
69.4232406616211
36.87326431274414
35.31791305541992
39.30895233154297
39.198978424072266
37.30403137207031
37.85076141357422
42.29228591918945
37.864837646484375
39.38578414916992
36.571815490722656
36.16901779174805
81.48219299316406
49.29372787475586
67.85294342041016
37.033912658691406
37.85076141357422
35.67176055908203
67.84150695800781
34.51533889770508
35.7956657409668
50.31471252441406
35.29804611206055
36.16901779174805
39.108245849609375
47.064998626708984
35.98626708984375
35.920955657958984
35.23274612426758
35.78568649291992
37.69486999511719
35.73823165893555
35.9300651550293
35.72856140136719
42.66010284423828
35.67176055908203
85.28055572509766
37.23175811767578
35.67176055908203
37.30403137207031
73.80097198486328
38.03311538696289
37.033912658691406
39.16873550415039
37.024497985839844
35.148250579833984
217.5126495361328
39.1092643737793
39.108245849609375
72.59088134765625
39.38578414916992
35.757320404052734
35.3366813659668
48.385032653808594
36.13387680053711
35.981544494628906
35.29804611206055
36.16901779174805
38.69097900390625
37.47904968261719
38.03311538696289
111.01148223876953
45.467140197753906
37.848716735839844
35.920955657958984
35.2373161315918
39.198978424072266
39.198978424072266
36.65332794189453
34.82411575317383
69.77232360839844
69.77232360839844
48.830448150634766
49.669464111328125
37.206912994384766
37.91127395629883
81.42774200439453
35.69669723510742
37.47904968261719
48.385032653808594
37.505611419677734
36.54125213623047
66.94085693359375
36.22746658325195
39.198978424072266
35.60042190551758
37.03459167480469
70.5924072265625
35.31279754638672
38.03311538696289
246.75698852539062
67.85294342041016
37.91224670410156
37.848716735839844
35.9300651550293
37.38081359863281
36.073387145996094
38.70774459838867
37.47904968261719
37.8065071105957
85.28055572509766
37.47904968261719
36.22746658325195
163.70437622070312
38.8976936340332
38.58650588989258
35.29804611206055
36.22746658325195
35.15335464477539
38.298091888427734
36.87326431274414
37.26936340332031
38.8976936340332
44.505977630615234
37.206912994384766
