32.757354736328125
36.021202087402344
35.85984420776367
53.10526657104492
35.75850296020508
37.93472671508789
95.19892883300781
35.70193099975586
35.65135192871094
37.93472671508789
38.4146842956543
35.11422348022461
36.818763732910156
34.73005294799805
34.66131591796875
33.674747467041016
35.82179260253906
32.757354736328125
38.41773986816406
36.764564514160156
36.55885696411133
36.73103332519531
37.61431884765625
35.75850296020508
36.59904479980469
34.73005294799805
36.6650276184082
40.4431266784668
43.36420822143555
32.55330276489258
37.896018981933594
36.91357421875
34.536598205566406
34.810081481933594
37.18831253051758
36.38239288330078
38.31619644165039
37.38294982910156
33.71061706542969
41.3880500793457
38.651268005371094
33.71613693237305
71.48979949951172
36.550601959228516
34.63138198852539
32.757354736328125
31.9088077545166
33.41681671142578
42.76707077026367
36.492733001708984
31.569704055786133
33.90125274658203
32.59025573730469
36.21944046020508
37.896018981933594
37.93472671508789
35.638450622558594
32.59025573730469
34.19230270385742
38.07405471801758
38.95574188232422
32.797969818115234
153.49264526367188
33.71061706542969
32.24966812133789
60.97222137451172
32.757354736328125
35.740657806396484
37.896018981933594
35.208953857421875
36.91777420043945
33.39536666870117
36.436248779296875
42.90949630737305
153.49264526367188
37.489593505859375
36.98645782470703
35.99920654296875
37.43909454345703
82.93222045898438
38.60227584838867
35.721378326416016
38.41275405883789
36.309288024902344
39.64781188964844
35.913185119628906
41.176414489746094
35.77030563354492
36.06562042236328
37.56901931762695
42.50619888305664
86.15047454833984
38.60227584838867
40.773929595947266
45.15264129638672
35.849891662597656
36.26826477050781
38.41275405883789
70.34308624267578
39.83173751831055
36.416603088378906
39.812808990478516
37.580482482910156
38.60227584838867
38.60227584838867
48.303226470947266
37.254676818847656
36.27024459838867
39.9188117980957
37.75516128540039
70.34308624267578
36.457035064697266
39.9186897277832
36.502010345458984
39.64781188964844
37.56680679321289
36.424198150634766
35.267608642578125
38.190086364746094
36.2754020690918
35.7879524230957
38.60227584838867
72.2266845703125
136.21192932128906
36.18075180053711
165.30137634277344
37.36520767211914
35.927860260009766
36.457035064697266
36.457035064697266
36.45061111450195
37.41069793701172
83.36812591552734
74.39128112792969
35.52828598022461
71.82129669189453
37.40284729003906
35.80757522583008
39.812808990478516
39.83173751831055
37.66886901855469
38.41275405883789
43.090301513671875
38.45494842529297
39.9186897277832
37.10782241821289
36.7031364440918
84.23556518554688
50.296485900878906
70.34308624267578
37.56901931762695
38.41275405883789
35.93162155151367
70.33102416992188
34.75164794921875
36.32841110229492
51.450660705566406
35.7879524230957
36.7031364440918
39.735347747802734
48.031307220458984
36.50159454345703
36.45061111450195
35.72636032104492
36.309288024902344
38.10403823852539
36.251258850097656
36.457035064697266
36.07461166381836
43.5060920715332
35.93162155151367
87.65062713623047
37.600303649902344
35.93162155151367
37.66886901855469
76.58745574951172
38.60227584838867
37.56901931762695
39.8242073059082
37.56832504272461
35.6376953125
221.79293823242188
39.7364501953125
39.735347747802734
75.23802185058594
39.9186897277832
36.27024459838867
35.82145309448242
49.3896598815918
36.6568717956543
36.49769973754883
35.7879524230957
36.7031364440918
39.31724548339844
38.041473388671875
38.60227584838867
114.80237579345703
46.286964416503906
38.424503326416016
36.45061111450195
35.721378326416016
39.83173751831055
39.83173751831055
36.915504455566406
35.294620513916016
72.20183563232422
72.20183563232422
49.846595764160156
50.702877044677734
37.56680679321289
38.501407623291016
84.19290161132812
36.22219467163086
38.041473388671875
49.3896598815918
38.08969497680664
36.9498176574707
69.40201568603516
36.762264251708984
39.83173751831055
35.90843963623047
37.349090576171875
73.06754302978516
35.78963851928711
38.60227584838867
255.33299255371094
70.34308624267578
38.34037399291992
38.424503326416016
36.457035064697266
37.741825103759766
36.61476135253906
39.335086822509766
38.041473388671875
38.20652770996094
87.65062713623047
38.041473388671875
36.762264251708984
175.5211639404297
39.47672653198242
38.73456954956055
35.7879524230957
36.762264251708984
35.62641143798828
38.700843811035156
37.40284729003906
37.41683578491211
39.47672653198242
45.506675720214844
37.56680679321289
