18.352523803710938
19.070703506469727
21.570051193237305
33.65140914916992
13.108116149902344
10.264104843139648
63.366424560546875
17.358295440673828
16.030195236206055
10.264104843139648
23.9113826751709
20.57437515258789
23.197437286376953
21.343215942382812
21.33716583251953
21.470470428466797
22.544349670410156
18.352523803710938
32.79058074951172
10.296876907348633
22.854843139648438
15.375051498413086
9.971731185913086
13.108116149902344
11.065666198730469
21.343215942382812
10.712242126464844
25.769550323486328
26.14798927307129
21.06027603149414
10.324394226074219
20.8272762298584
20.193527221679688
20.415441513061523
37.82987976074219
22.529943466186523
10.756429672241211
11.454591751098633
22.318588256835938
23.991119384765625
22.06154441833496
20.151351928710938
112.9570541381836
10.345014572143555
21.37783432006836
18.352523803710938
18.604475021362305
21.533653259277344
61.5073356628418
12.207448959350586
18.182476043701172
21.7940673828125
18.13707733154297
23.35142707824707
10.324394226074219
10.264104843139648
23.293758392333984
18.13707733154297
18.169275283813477
10.307336807250977
25.016014099121094
19.732357025146484
68.62738800048828
22.318588256835938
19.434045791625977
52.52077865600586
18.352523803710938
17.704896926879883
10.324394226074219
18.81981658935547
23.453716278076172
20.989471435546875
22.92009162902832
63.38418197631836
68.62738800048828
26.252256393432617
22.024616241455078
21.656599044799805
25.41307830810547
105.49476623535156
23.27811622619629
22.142860412597656
23.122303009033203
22.46002197265625
28.027908325195312
21.515907287597656
38.080657958984375
21.445741653442383
27.707178115844727
22.405529022216797
31.315120697021484
108.63870239257812
23.27811622619629
27.422332763671875
30.326833724975586
21.474390029907227
22.608516693115234
23.122303009033203
40.19187927246094
26.15964126586914
22.032676696777344
29.238487243652344
23.55327606201172
23.27811622619629
23.27811622619629
28.511417388916016
26.49237060546875
21.782222747802734
28.40265464782715
26.83523178100586
40.19187927246094
22.553316116333008
28.403644561767578
24.920452117919922
28.027908325195312
26.573972702026367
22.007829666137695
23.624637603759766
26.54522705078125
22.911720275878906
21.314271926879883
23.27811622619629
29.518178939819336
747.8167724609375
21.788076400756836
31781.2578125
22.237834930419922
24.077529907226562
22.553316116333008
22.553316116333008
22.3961181640625
26.372825622558594
111.3357162475586
29.610021591186523
23.89665985107422
28.874547958374023
22.276716232299805
21.347854614257812
29.238487243652344
26.15964126586914
26.650840759277344
23.122303009033203
27.1070556640625
22.82778549194336
28.403644561767578
21.981487274169922
21.845293045043945
114.54899597167969
31.15726089477539
40.19187927246094
22.405529022216797
23.122303009033203
26.743736267089844
40.2096061706543
26.09128189086914
22.031055450439453
30.8453369140625
21.314271926879883
21.845293045043945
26.12074089050293
34.263282775878906
22.969715118408203
22.3961181640625
21.955442428588867
22.46002197265625
28.40676498413086
21.760269165039062
22.553316116333008
24.420438766479492
29.114290237426758
26.743736267089844
79.58697509765625
26.497447967529297
26.743736267089844
26.650840759277344
31.484437942504883
23.27811622619629
22.405529022216797
23.71095848083496
22.398487091064453
21.341388702392578
41209.85546875
26.121295928955078
26.12074089050293
30.513959884643555
28.403644561767578
21.782222747802734
22.44031524658203
29.19572639465332
23.055557250976562
23.02311897277832
21.314271926879883
21.845293045043945
23.500051498413086
22.6644287109375
23.27811622619629
202.74176025390625
28.398605346679688
22.965579986572266
22.3961181640625
22.142860412597656
26.15964126586914
26.15964126586914
26.727706909179688
21.3734188079834
29.58129119873047
29.58129119873047
29.827842712402344
31.093820571899414
26.573972702026367
22.948726654052734
114.02055358886719
22.469139099121094
22.6644287109375
29.19572639465332
22.578895568847656
23.453567504882812
40.562435150146484
21.918685913085938
26.15964126586914
27.60888671875
26.228336334228516
36.12517166137695
22.598339080810547
23.27811622619629
253266.671875
40.19187927246094
28.193790435791016
22.965579986572266
22.553316116333008
26.806838989257812
22.32050323486328
23.503536224365234
22.6644287109375
28.655155181884766
79.58697509765625
22.6644287109375
21.918685913085938
37581.703125
26.951602935791016
35.73613739013672
21.314271926879883
21.918685913085938
21.51470947265625
29.016326904296875
22.276716232299805
34.61480712890625
26.951602935791016
28.903902053833008
26.573972702026367
