-21.182262420654297
-39.69304656982422
35.02703094482422
-38.95891571044922
-32.973331451416016
26.363483428955078
-7.431495666503906
-40.5123291015625
-11.72884750366211
-22.41900634765625
-39.51961135864258
-27.488605499267578
-35.89781188964844
-39.69304656982422
-40.610450744628906
10.490653991699219
-23.617137908935547
-30.227256774902344
-10.046607971191406
-32.973331451416016
-31.44998550415039
-32.014427185058594
-14.986190795898438
-9.771881103515625
-19.726829528808594
-39.11574172973633
-35.412315368652344
-33.00804901123047
-41.04117965698242
-19.230342864990234
-15.044437408447266
-33.489707946777344
-32.807918548583984
-20.29397201538086
-25.586685180664062
1.5102081298828125
-22.568248748779297
-40.86534118652344
-39.20591735839844
-41.04117965698242
-41.04117965698242
-12.583747863769531
-37.113197326660156
-40.86534118652344
-12.82623291015625
-5.990283966064453
-40.86534118652344
-26.546680450439453
-39.51961135864258
-37.63792037963867
-39.2016487121582
-25.058582305908203
27.770187377929688
-40.610450744628906
-13.697437286376953
-41.04117965698242
-41.04117965698242
-26.546680450439453
-16.819568634033203
-12.640933990478516
-40.610450744628906
-23.075458526611328
-40.86534118652344
-39.20591735839844
-35.412315368652344
-30.991363525390625
-40.610450744628906
-30.683563232421875
-8.026371002197266
-30.874828338623047
-38.77528381347656
30.880096435546875
-36.05309295654297
-35.40937042236328
-39.69304656982422
-32.973331451416016
-31.20645523071289
-32.003475189208984
44.015750885009766
-19.87942886352539
-16.909713745117188
-32.003475189208984
30.363258361816406
-39.51961135864258
-12.258472442626953
-35.7589111328125
-38.662174224853516
-11.815422058105469
-12.583747863769531
-38.662174224853516
-35.20148468017578
-40.610450744628906
-40.86534118652344
-23.46146011352539
-32.973331451416016
-17.82225799560547
-38.662174224853516
-23.617137908935547
-28.286178588867188
-39.3138542175293
-39.3138542175293
-31.97948455810547
-8.197135925292969
-38.99187088012695
-38.77528381347656
-17.700164794921875
-25.058582305908203
-27.470012664794922
-37.20883560180664
-31.20645523071289
-22.616443634033203
-33.574188232421875
-39.69304656982422
-29.932018280029297
-30.227256774902344
-37.637725830078125
-32.973331451416016
-39.2016487121582
-19.40850830078125
-37.637725830078125
-25.586685180664062
-33.04901885986328
-32.973331451416016
-40.610450744628906
-40.610450744628906
-21.82353973388672
35.02703094482422
3.607532501220703
-37.51426696777344
-22.24212646484375
-37.63792037963867
-39.51961135864258
-33.04901885986328
-39.070552825927734
-24.603347778320312
-40.610450744628906
-40.86534118652344
-37.63792037963867
-35.412315368652344
-32.973331451416016
-31.20645523071289
-40.5123291015625
-43.22173309326172
-35.46492004394531
-18.978302001953125
-30.874828338623047
-15.475582122802734
-37.20883560180664
-39.20591735839844
-31.00110626220703
-40.610450744628906
-40.86534118652344
-40.86534118652344
-29.46176528930664
-7.577949523925781
-39.20591735839844
-40.5123291015625
-39.20591735839844
-40.610450744628906
-31.97948455810547
-39.3138542175293
-39.20591735839844
-30.835479736328125
-38.74388885498047
