11924.0859375
-37.90913391113281
120843.59375
-30.980552673339844
32673.048828125
90.74140930175781
1.4178315436821432e+34
4.3551483154296875
227.86036682128906
399.60809326171875
-29.72962188720703
73.75498962402344
-33.14889144897461
-37.90913391113281
-5.94146728515625
inf
7918.89599609375
33657.79296875
inf
32673.048828125
-38.01787185668945
-37.778350830078125
258.45654296875
9.208459072185637e+33
inf
0.31475830078125
910.094482421875
-37.83816909790039
-16.54312515258789
-38.25175094604492
inf
-38.678871154785156
32723.869140625
443.82318115234375
inf
1.894869014352678e+34
8948.9443359375
-16.503273010253906
795.3641357421875
-16.54312515258789
-16.54312515258789
804.3135375976562
-23.518596649169922
-16.503273010253906
2.047926388959238e+27
54.93875503540039
-16.503273010253906
inf
-29.72962188720703
722.1817626953125
794.557861328125
-39.557212829589844
87.40451049804688
-5.94146728515625
inf
-16.54312515258789
-16.54312515258789
inf
5.581607607738776e+31
67.15763854980469
-5.94146728515625
3384.485107421875
-16.503273010253906
795.3641357421875
910.094482421875
-36.076175689697266
-5.94146728515625
1.3415521543414566e+34
278.3165283203125
inf
813.7777099609375
inf
59.5423583984375
910.1576538085938
-37.90913391113281
32673.048828125
inf
965.9927978515625
inf
inf
63.82521057128906
965.9927978515625
172.1869354248047
-29.72962188720703
1.0895654979367917e+34
53.97499084472656
-31.059574127197266
7.037112707506595e+32
804.3135375976562
-31.059574127197266
173.150634765625
-5.94146728515625
-16.503273010253906
771.5767211914062
32673.048828125
inf
-31.059574127197266
7918.89599609375
-25.231063842773438
-37.567718505859375
-37.567718505859375
833.5886840820312
361.6383361816406
24.26811981201172
813.7777099609375
240.62818908691406
-39.557212829589844
inf
918.8778076171875
inf
inf
83.52473449707031
-37.90913391113281
inf
33657.79296875
721.6611328125
32673.048828125
794.557861328125
18382.97265625
721.6611328125
inf
-37.61899948120117
32673.048828125
-5.94146728515625
-5.94146728515625
11728.0556640625
120843.59375
153968.15625
1114.9366455078125
13088.623046875
722.1817626953125
-29.72962188720703
-37.61899948120117
840.30322265625
684.4716186523438
-5.94146728515625
-16.503273010253906
722.1817626953125
910.094482421875
32673.048828125
inf
4.3551483154296875
347.7667236328125
908.1517944335938
503.0491943359375
inf
43665.828125
918.8778076171875
795.3641357421875
inf
-5.94146728515625
-16.503273010253906
-16.503273010253906
-38.63907241821289
inf
795.3641357421875
4.3551483154296875
795.3641357421875
-5.94146728515625
833.5886840820312
-37.567718505859375
795.3641357421875
33455.52734375
-31.922744750976562
